"measureKey";"measureName";"systemName";"entityName";"entityType";"entityId";"value"
"ratioOfEndpointsSupportingSsl";"Ratio of endpoints that support SSL";"teastore-private-nlb-rds-three-lowreplication-model";"teastore-private-nlb-rds-three-lowreplication-model";"system";"4";"0"
"ratioOfExternalEndpointsSupportingTls";"Ratio of external endpoints that support TLS";"teastore-private-nlb-rds-three-lowreplication-model";"teastore-private-nlb-rds-three-lowreplication-model";"system";"4";"0"
"ratioOfSecuredLinks";"Ratio of secured links";"teastore-private-nlb-rds-three-lowreplication-model";"teastore-private-nlb-rds-three-lowreplication-model";"system";"4";"0"
"dataAggregateScope";"Data aggregate scope";"teastore-private-nlb-rds-three-lowreplication-model";"teastore-private-nlb-rds-three-lowreplication-model";"system";"4";"5"
"externallyAvailableEndpoints";"Externally available endpoints";"teastore-private-nlb-rds-three-lowreplication-model";"teastore-private-nlb-rds-three-lowreplication-model";"system";"4";"16"
"ratioOfRequestTracesThroughGateway";"Ratio of request traces through a gateway";"teastore-private-nlb-rds-three-lowreplication-model";"teastore-private-nlb-rds-three-lowreplication-model";"system";"4";"0"
"ratioOfStateDependencyOfEndpoints";"Ratio of state dependency of endpoints";"teastore-private-nlb-rds-three-lowreplication-model";"teastore-private-nlb-rds-three-lowreplication-model";"system";"4";"0.660377358490566"
"ratioOfStatefulComponents";"Ratio of stateful components";"teastore-private-nlb-rds-three-lowreplication-model";"teastore-private-nlb-rds-three-lowreplication-model";"system";"4";"0.25"
"ratioOfStatelessComponents";"Ratio of stateless components";"teastore-private-nlb-rds-three-lowreplication-model";"teastore-private-nlb-rds-three-lowreplication-model";"system";"4";"0.75"
"degreeToWhichComponentsAreLinkedToStatefulComponents";"Degree to which components are linked to stateful components";"teastore-private-nlb-rds-three-lowreplication-model";"teastore-private-nlb-rds-three-lowreplication-model";"system";"4";"0.625"
"degreeOfAsynchronousCommunication";"Degree of asynchronous communication";"teastore-private-nlb-rds-three-lowreplication-model";"teastore-private-nlb-rds-three-lowreplication-model";"system";"4";"0"
"asynchronousCommunicationUtilization";"Asynchronous Communication Utilization";"teastore-private-nlb-rds-three-lowreplication-model";"teastore-private-nlb-rds-three-lowreplication-model";"system";"4";"0"
"eventSourcingUtilizationMetric";"Event Sourcing utilization metric";"teastore-private-nlb-rds-three-lowreplication-model";"teastore-private-nlb-rds-three-lowreplication-model";"system";"4";"0"
"serviceInteractionViaBackingService";"Service Interaction via Backing Service";"teastore-private-nlb-rds-three-lowreplication-model";"teastore-private-nlb-rds-three-lowreplication-model";"system";"4";"0"
"ratioOfComponentsOrInfrastructureNodesThatExportLogsToACentralService";"Ratio of Components or Infrastructure nodes that export logs to a central service";"teastore-private-nlb-rds-three-lowreplication-model";"teastore-private-nlb-rds-three-lowreplication-model";"system";"4";"0"
"ratioOfComponentsOrInfrastructureNodesThatExportMetrics";"Ratio of Components or Infrastructure nodes that export metrics";"teastore-private-nlb-rds-three-lowreplication-model";"teastore-private-nlb-rds-three-lowreplication-model";"system";"4";"0"
"distributedTracingSupport";"Distributed Tracing Support";"teastore-private-nlb-rds-three-lowreplication-model";"teastore-private-nlb-rds-three-lowreplication-model";"system";"4";"0"
"ratioOfServicesThatProvideHealthEndpoints";"Ratio of Services that provide Health endpoints";"teastore-private-nlb-rds-three-lowreplication-model";"teastore-private-nlb-rds-three-lowreplication-model";"system";"4";"0"
"couplingDegreeBasedOnPotentialCoupling";"Coupling degree based on potential coupling";"teastore-private-nlb-rds-three-lowreplication-model";"teastore-private-nlb-rds-three-lowreplication-model";"system";"4";"0.28869047619047616"
"interactionDensityBasedOnComponents";"Interaction density based on components";"teastore-private-nlb-rds-three-lowreplication-model";"teastore-private-nlb-rds-three-lowreplication-model";"system";"4";"4.25"
"interactionDensityBasedOnLinks";"Interaction density based on links";"teastore-private-nlb-rds-three-lowreplication-model";"teastore-private-nlb-rds-three-lowreplication-model";"system";"4";"0.08673469387755102"
"systemCouplingBasedOnEndpointEntropy";"System Coupling based on Endpoint Entropy";"teastore-private-nlb-rds-three-lowreplication-model";"teastore-private-nlb-rds-three-lowreplication-model";"system";"4";"1.645899061409296"
"servicesInterdependenceInTheSystem";"Services Interdependence in the System";"teastore-private-nlb-rds-three-lowreplication-model";"teastore-private-nlb-rds-three-lowreplication-model";"system";"4";"0"
"aggregateSystemMetricToMeasureServiceCoupling";"Aggregate System metric to measure service coupling";"teastore-private-nlb-rds-three-lowreplication-model";"teastore-private-nlb-rds-three-lowreplication-model";"system";"4";"0.21428571428571427"
"degreeOfCouplingInASystem";"Degree of coupling in a system";"teastore-private-nlb-rds-three-lowreplication-model";"teastore-private-nlb-rds-three-lowreplication-model";"system";"4";"0.21428571428571427"
"simpleDegreeOfCouplingInASystem";"Simple Degree of coupling in a system";"teastore-private-nlb-rds-three-lowreplication-model";"teastore-private-nlb-rds-three-lowreplication-model";"system";"4";"1.5"
"directServiceSharing";"Direct Service Sharing";"teastore-private-nlb-rds-three-lowreplication-model";"teastore-private-nlb-rds-three-lowreplication-model";"system";"4";"0.1985294117647059"
"transitivelySharedServices";"Transitively Shared Services";"teastore-private-nlb-rds-three-lowreplication-model";"teastore-private-nlb-rds-three-lowreplication-model";"system";"4";"0.2904411764705882"
"ratioOfSharedNonExternalComponentsToNonExternalComponents";"Ratio of shared non-external components to non-external components";"teastore-private-nlb-rds-three-lowreplication-model";"teastore-private-nlb-rds-three-lowreplication-model";"system";"4";"0.25"
"ratioOfSharedDependenciesOfNonExternalComponentsToPossibleDependencies";"Ratio of shared dependencies of non-external components to possible dependencies";"teastore-private-nlb-rds-three-lowreplication-model";"teastore-private-nlb-rds-three-lowreplication-model";"system";"4";"0.375"
"averageSystemCoupling";"Average System Coupling";"teastore-private-nlb-rds-three-lowreplication-model";"teastore-private-nlb-rds-three-lowreplication-model";"system";"4";"1.9625000000000006"
"numberOfSynchronousCycles";"Number of synchronous cycles";"teastore-private-nlb-rds-three-lowreplication-model";"teastore-private-nlb-rds-three-lowreplication-model";"system";"4";"0"
"densityOfAggregation";"Density of Aggregation";"teastore-private-nlb-rds-three-lowreplication-model";"teastore-private-nlb-rds-three-lowreplication-model";"system";"4";"-1.4634839998110207"
"dataAggregateConvergenceAcrossComponents";"Data Aggregate Convergence across Components";"teastore-private-nlb-rds-three-lowreplication-model";"teastore-private-nlb-rds-three-lowreplication-model";"system";"4";"5.525"
"ratioOfCyclicRequestTraces";"Ratio of cyclic request traces";"teastore-private-nlb-rds-three-lowreplication-model";"teastore-private-nlb-rds-three-lowreplication-model";"system";"4";"0.23529411764705882"
"numberOfPotentialCyclesInASystem";"Number of potential cycles in a system";"teastore-private-nlb-rds-three-lowreplication-model";"teastore-private-nlb-rds-three-lowreplication-model";"system";"4";"0"
"maximumLengthOfServiceLinkChainPerRequestTrace";"Maximum Length of Service Link chain per request trace";"teastore-private-nlb-rds-three-lowreplication-model";"teastore-private-nlb-rds-three-lowreplication-model";"system";"4";"8"
"maximumNumberOfServicesWithinARequestTrace";"Maximum number of services within a request trace";"teastore-private-nlb-rds-three-lowreplication-model";"teastore-private-nlb-rds-three-lowreplication-model";"system";"4";"6"
"numberOfRequestTraces";"Number of Request Traces";"teastore-private-nlb-rds-three-lowreplication-model";"teastore-private-nlb-rds-three-lowreplication-model";"system";"4";"17"
"averageComplexityOfRequestTraces";"Average Complexity of Request Traces";"teastore-private-nlb-rds-three-lowreplication-model";"teastore-private-nlb-rds-three-lowreplication-model";"system";"4";"3.5294117647058822"
"databaseTypeUtilization";"Database Type Utilization";"teastore-private-nlb-rds-three-lowreplication-model";"teastore-private-nlb-rds-three-lowreplication-model";"system";"4";"1"
"numberOfServiceConnectedToStorageBackingService";"Number of Services connected to a Storage Backing Service";"teastore-private-nlb-rds-three-lowreplication-model";"teastore-private-nlb-rds-three-lowreplication-model";"system";"4";"1"
"serviceDiscoveryUsage";"Service Discovery Usage";"teastore-private-nlb-rds-three-lowreplication-model";"teastore-private-nlb-rds-three-lowreplication-model";"system";"4";"1"
"averageNumberOfEndpointsPerService";"Average Number of Endpoints per Service";"teastore-private-nlb-rds-three-lowreplication-model";"teastore-private-nlb-rds-three-lowreplication-model";"system";"4";"6.625"
"numberOfComponents";"Number of components";"teastore-private-nlb-rds-three-lowreplication-model";"teastore-private-nlb-rds-three-lowreplication-model";"system";"4";"8"
"amountOfRedundancy";"Amount of redundancy";"teastore-private-nlb-rds-three-lowreplication-model";"teastore-private-nlb-rds-three-lowreplication-model";"system";"4";"1"
"serviceReplicationLevel";"Service Replication level";"teastore-private-nlb-rds-three-lowreplication-model";"teastore-private-nlb-rds-three-lowreplication-model";"system";"4";"2"
"medianServiceReplication";"Median Service Replication level";"teastore-private-nlb-rds-three-lowreplication-model";"teastore-private-nlb-rds-three-lowreplication-model";"system";"4";"2"
"smallestReplicationValue";"Smallelst Service Replication Value";"teastore-private-nlb-rds-three-lowreplication-model";"teastore-private-nlb-rds-three-lowreplication-model";"system";"4";"2"
"storageReplicationLevel";"Storage Replication level";"teastore-private-nlb-rds-three-lowreplication-model";"teastore-private-nlb-rds-three-lowreplication-model";"system";"4";"3"
"ratioOfCachedDataAggregates";"Ratio of Cached Data Aggregates";"teastore-private-nlb-rds-three-lowreplication-model";"teastore-private-nlb-rds-three-lowreplication-model";"system";"4";"0.3333333333333333"
"dataShardingLevel";"Level of sharding across storage backing services";"teastore-private-nlb-rds-three-lowreplication-model";"teastore-private-nlb-rds-three-lowreplication-model";"system";"4";"1"
"configurationExternalization";"Configuration externalization";"teastore-private-nlb-rds-three-lowreplication-model";"teastore-private-nlb-rds-three-lowreplication-model";"system";"4";"0"
"ratioOfComponentsWhoseIngressIsProxied";"Ratio of components whose ingress is proxied";"teastore-private-nlb-rds-three-lowreplication-model";"teastore-private-nlb-rds-three-lowreplication-model";"system";"4";"0"
"numberOfAvailabilityZonesUsed";"Number of Availability Zones used";"teastore-private-nlb-rds-three-lowreplication-model";"teastore-private-nlb-rds-three-lowreplication-model";"system";"4";"3"
"rollingUpdateOption";"Rolling Update Option";"teastore-private-nlb-rds-three-lowreplication-model";"teastore-private-nlb-rds-three-lowreplication-model";"system";"4";"0.3333333333333333"
"numberOfLinksWithRetryLogic";"Number of Links with retry logic";"teastore-private-nlb-rds-three-lowreplication-model";"teastore-private-nlb-rds-three-lowreplication-model";"system";"4";"0"
"numberOfLinksWithComplexFailover";"Number of Links with Complex Failover";"teastore-private-nlb-rds-three-lowreplication-model";"teastore-private-nlb-rds-three-lowreplication-model";"system";"4";"0"
"serviceMeshUsage";"Service Mesh Usage";"teastore-private-nlb-rds-three-lowreplication-model";"teastore-private-nlb-rds-three-lowreplication-model";"system";"4";"0"
"ratioOfInfrastructureNodesThatSupportMonitoring";"Ratio of Infrastructure nodes that support Monitoring";"teastore-private-nlb-rds-three-lowreplication-model";"teastore-private-nlb-rds-three-lowreplication-model";"system";"4";"0"
"ratioOfComponentsThatSupportMonitoring";"Ratio of Components that support Monitoring";"teastore-private-nlb-rds-three-lowreplication-model";"teastore-private-nlb-rds-three-lowreplication-model";"system";"4";"0"
"ratioOfProviderManagedComponentsAndInfrastructure";"Ratio of Provider-Managed Components and Infrastructure";"teastore-private-nlb-rds-three-lowreplication-model";"teastore-private-nlb-rds-three-lowreplication-model";"system";"4";"0.5"
"componentDensity";"Component density";"teastore-private-nlb-rds-three-lowreplication-model";"teastore-private-nlb-rds-three-lowreplication-model";"system";"4";"2.6666666666666665"
"ratioOfEndpointsSupportingSsl";"Ratio of endpoints that support SSL";"teastore-private-nlb-rds-three-lowreplication-model";"Imageprovider";"component";"8d7a4399-85c6-44a6-a9b4-c0a882d8ae5c";"0"
"ratioOfExternalEndpointsSupportingTls";"Ratio of external endpoints that support TLS";"teastore-private-nlb-rds-three-lowreplication-model";"Imageprovider";"component";"8d7a4399-85c6-44a6-a9b4-c0a882d8ae5c";"0"
"serviceInterfaceDataCohesion";"Service Interface Data Cohesion";"teastore-private-nlb-rds-three-lowreplication-model";"Imageprovider";"component";"8d7a4399-85c6-44a6-a9b4-c0a882d8ae5c";"3"
"cohesionBetweenEndpointsBasedOnDataAggregateUsage";"Cohesion between Endpoints based on data aggregate usage";"teastore-private-nlb-rds-three-lowreplication-model";"Imageprovider";"component";"8d7a4399-85c6-44a6-a9b4-c0a882d8ae5c";"0.2"
"resourceCount";"Data Aggregate Count";"teastore-private-nlb-rds-three-lowreplication-model";"Imageprovider";"component";"8d7a4399-85c6-44a6-a9b4-c0a882d8ae5c";"1"
"numberOfProvidedSynchronousAndAsynchronousEndpoints";"Number of provided synchronous and asynchronous endpoints";"teastore-private-nlb-rds-three-lowreplication-model";"Imageprovider";"component";"8d7a4399-85c6-44a6-a9b4-c0a882d8ae5c";"6"
"numberOfSynchronousEndpointsOfferedByAService";"Number of synchronous endpoints offered by a service";"teastore-private-nlb-rds-three-lowreplication-model";"Imageprovider";"component";"8d7a4399-85c6-44a6-a9b4-c0a882d8ae5c";"6"
"serviceInterfaceUsageCohesion";"Service Interface Usage Cohesion";"teastore-private-nlb-rds-three-lowreplication-model";"Imageprovider";"component";"8d7a4399-85c6-44a6-a9b4-c0a882d8ae5c";"0.6666666666666666"
"unusedEndpointCount";"Unused Endpoint Count";"teastore-private-nlb-rds-three-lowreplication-model";"Imageprovider";"component";"8d7a4399-85c6-44a6-a9b4-c0a882d8ae5c";"2"
"numberOfReadEndpointsProvidedByAService";"Number of Read Endpoints provided by a service";"teastore-private-nlb-rds-three-lowreplication-model";"Imageprovider";"component";"8d7a4399-85c6-44a6-a9b4-c0a882d8ae5c";"4"
"numberOfWriteEndpointsProvidedByAService";"Number of Write Endpoints provided by a service";"teastore-private-nlb-rds-three-lowreplication-model";"Imageprovider";"component";"8d7a4399-85c6-44a6-a9b4-c0a882d8ae5c";"2"
"ratioOfStateDependencyOfEndpoints";"Ratio of state dependency of endpoints";"teastore-private-nlb-rds-three-lowreplication-model";"Imageprovider";"component";"8d7a4399-85c6-44a6-a9b4-c0a882d8ae5c";"0.5"
"numberOfAsynchronousEndpointsOfferedByAService";"Number of asynchronous endpoints offered by a service";"teastore-private-nlb-rds-three-lowreplication-model";"Imageprovider";"component";"8d7a4399-85c6-44a6-a9b4-c0a882d8ae5c";"0"
"numberOfSynchronousOutgoingLinks";"Number of synchronous outgoing links";"teastore-private-nlb-rds-three-lowreplication-model";"Imageprovider";"component";"8d7a4399-85c6-44a6-a9b4-c0a882d8ae5c";"3"
"numberOfAsynchronousOutgoingLinks";"Number of asynchronous outgoing links";"teastore-private-nlb-rds-three-lowreplication-model";"Imageprovider";"component";"8d7a4399-85c6-44a6-a9b4-c0a882d8ae5c";"0"
"ratioOfAsynchronousOutgoingLinks";"Ratio of asynchronous outgoing links";"teastore-private-nlb-rds-three-lowreplication-model";"Imageprovider";"component";"8d7a4399-85c6-44a6-a9b4-c0a882d8ae5c";"0"
"numberOfLinksPerComponent";"Number of Links per Component ";"teastore-private-nlb-rds-three-lowreplication-model";"Imageprovider";"component";"8d7a4399-85c6-44a6-a9b4-c0a882d8ae5c";"7"
"numberOfConsumedEndpoints";"Number of Consumed Endpoints";"teastore-private-nlb-rds-three-lowreplication-model";"Imageprovider";"component";"8d7a4399-85c6-44a6-a9b4-c0a882d8ae5c";"3"
"incomingOutgoingRatioOfAComponent";"Incoming outgoing ratio of a component";"teastore-private-nlb-rds-three-lowreplication-model";"Imageprovider";"component";"8d7a4399-85c6-44a6-a9b4-c0a882d8ae5c";"0.75"
"ratioOfOutgoingLinksOfAService";"Ratio of outgoing links of a service";"teastore-private-nlb-rds-three-lowreplication-model";"Imageprovider";"component";"8d7a4399-85c6-44a6-a9b4-c0a882d8ae5c";"42.857142857142854"
"serviceCouplingBasedOnEndpointEntropy";"Service Coupling based on Endpoint Entropy";"teastore-private-nlb-rds-three-lowreplication-model";"Imageprovider";"component";"8d7a4399-85c6-44a6-a9b4-c0a882d8ae5c";"0.20068666377598746"
"combinedMetricForIndirectDependency";"Combined metric for indirect dependency";"teastore-private-nlb-rds-three-lowreplication-model";"Imageprovider";"component";"8d7a4399-85c6-44a6-a9b4-c0a882d8ae5c";"0.1"
"indirectInteractionDensity";"Indirect Interaction density of a system";"teastore-private-nlb-rds-three-lowreplication-model";"Imageprovider";"component";"8d7a4399-85c6-44a6-a9b4-c0a882d8ae5c";"0.2"
"averageNumberOfDirectlyConnectedServices";"Average Number of Directly Connected Services";"teastore-private-nlb-rds-three-lowreplication-model";"Imageprovider";"component";"8d7a4399-85c6-44a6-a9b4-c0a882d8ae5c";"0.375"
"numberOfComponentsThatAreLinkedToAComponent";"Number of Components that are linked to a component";"teastore-private-nlb-rds-three-lowreplication-model";"Imageprovider";"component";"8d7a4399-85c6-44a6-a9b4-c0a882d8ae5c";"1"
"numberOfComponentsAComponentIsLinkedTo";"Number of Components a component is linked to";"teastore-private-nlb-rds-three-lowreplication-model";"Imageprovider";"component";"8d7a4399-85c6-44a6-a9b4-c0a882d8ae5c";"2"
"numberOfComponentsAComponentIsLinkedToRelativeToTheTotalAmountOfComponents";"Number of Components a component is linked to relative to the total amount of components";"teastore-private-nlb-rds-three-lowreplication-model";"Imageprovider";"component";"8d7a4399-85c6-44a6-a9b4-c0a882d8ae5c";"0.25"
"cyclicCommunication";"Cyclic Communication";"teastore-private-nlb-rds-three-lowreplication-model";"Imageprovider";"component";"8d7a4399-85c6-44a6-a9b4-c0a882d8ae5c";"0"
"relativeImportanceOfTheService";"Relative Importance of the Service";"teastore-private-nlb-rds-three-lowreplication-model";"Imageprovider";"component";"8d7a4399-85c6-44a6-a9b4-c0a882d8ae5c";"0.125"
"serviceCriticality";"Service Criticality";"teastore-private-nlb-rds-three-lowreplication-model";"Imageprovider";"component";"8d7a4399-85c6-44a6-a9b4-c0a882d8ae5c";"2"
"degreeOfStorageBackendSharing";"Degree of Storage Backend Sharing";"teastore-private-nlb-rds-three-lowreplication-model";"Imageprovider";"component";"8d7a4399-85c6-44a6-a9b4-c0a882d8ae5c";"0"
"ratioOfStorageBackendSharing";"Ratio of Storage Backend Sharing";"teastore-private-nlb-rds-three-lowreplication-model";"Imageprovider";"component";"8d7a4399-85c6-44a6-a9b4-c0a882d8ae5c";"0"
"amountOfRedundancy";"Amount of redundancy";"teastore-private-nlb-rds-three-lowreplication-model";"Imageprovider";"component";"8d7a4399-85c6-44a6-a9b4-c0a882d8ae5c";"1"
"serviceReplicationLevel";"Service Replication level";"teastore-private-nlb-rds-three-lowreplication-model";"Imageprovider";"component";"8d7a4399-85c6-44a6-a9b4-c0a882d8ae5c";"2"
"storageReplicationLevel";"Storage Replication level";"teastore-private-nlb-rds-three-lowreplication-model";"Imageprovider";"component";"8d7a4399-85c6-44a6-a9b4-c0a882d8ae5c";"n/a"
"numberOfLinksWithRetryLogic";"Number of Links with retry logic";"teastore-private-nlb-rds-three-lowreplication-model";"Imageprovider";"component";"8d7a4399-85c6-44a6-a9b4-c0a882d8ae5c";"0"
"numberOfLinksWithComplexFailover";"Number of Links with Complex Failover";"teastore-private-nlb-rds-three-lowreplication-model";"Imageprovider";"component";"8d7a4399-85c6-44a6-a9b4-c0a882d8ae5c";"0"
"serviceMeshUsage";"Service Mesh Usage";"teastore-private-nlb-rds-three-lowreplication-model";"Imageprovider";"component";"8d7a4399-85c6-44a6-a9b4-c0a882d8ae5c";"0"
"totalServiceInterfaceCohesion";"Total Service Interface Cohesion";"teastore-private-nlb-rds-three-lowreplication-model";"Imageprovider";"component";"8d7a4399-85c6-44a6-a9b4-c0a882d8ae5c";"1.8333333333333333"
"serviceSize";"Size of a service";"teastore-private-nlb-rds-three-lowreplication-model";"Imageprovider";"component";"8d7a4399-85c6-44a6-a9b4-c0a882d8ae5c";"2"
"ratioOfEndpointsSupportingSsl";"Ratio of endpoints that support SSL";"teastore-private-nlb-rds-three-lowreplication-model";"Network Load Balancer";"component";"31694a7e-25c5-474c-a56e-cb911d8e20ee";"0"
"ratioOfExternalEndpointsSupportingTls";"Ratio of external endpoints that support TLS";"teastore-private-nlb-rds-three-lowreplication-model";"Network Load Balancer";"component";"31694a7e-25c5-474c-a56e-cb911d8e20ee";"0"
"serviceInterfaceDataCohesion";"Service Interface Data Cohesion";"teastore-private-nlb-rds-three-lowreplication-model";"Network Load Balancer";"component";"31694a7e-25c5-474c-a56e-cb911d8e20ee";"0"
"cohesionBetweenEndpointsBasedOnDataAggregateUsage";"Cohesion between Endpoints based on data aggregate usage";"teastore-private-nlb-rds-three-lowreplication-model";"Network Load Balancer";"component";"31694a7e-25c5-474c-a56e-cb911d8e20ee";"0"
"resourceCount";"Data Aggregate Count";"teastore-private-nlb-rds-three-lowreplication-model";"Network Load Balancer";"component";"31694a7e-25c5-474c-a56e-cb911d8e20ee";"0"
"numberOfProvidedSynchronousAndAsynchronousEndpoints";"Number of provided synchronous and asynchronous endpoints";"teastore-private-nlb-rds-three-lowreplication-model";"Network Load Balancer";"component";"31694a7e-25c5-474c-a56e-cb911d8e20ee";"0"
"numberOfSynchronousEndpointsOfferedByAService";"Number of synchronous endpoints offered by a service";"teastore-private-nlb-rds-three-lowreplication-model";"Network Load Balancer";"component";"31694a7e-25c5-474c-a56e-cb911d8e20ee";"0"
"serviceInterfaceUsageCohesion";"Service Interface Usage Cohesion";"teastore-private-nlb-rds-three-lowreplication-model";"Network Load Balancer";"component";"31694a7e-25c5-474c-a56e-cb911d8e20ee";"0"
"unusedEndpointCount";"Unused Endpoint Count";"teastore-private-nlb-rds-three-lowreplication-model";"Network Load Balancer";"component";"31694a7e-25c5-474c-a56e-cb911d8e20ee";"0"
"numberOfReadEndpointsProvidedByAService";"Number of Read Endpoints provided by a service";"teastore-private-nlb-rds-three-lowreplication-model";"Network Load Balancer";"component";"31694a7e-25c5-474c-a56e-cb911d8e20ee";"0"
"numberOfWriteEndpointsProvidedByAService";"Number of Write Endpoints provided by a service";"teastore-private-nlb-rds-three-lowreplication-model";"Network Load Balancer";"component";"31694a7e-25c5-474c-a56e-cb911d8e20ee";"0"
"ratioOfStateDependencyOfEndpoints";"Ratio of state dependency of endpoints";"teastore-private-nlb-rds-three-lowreplication-model";"Network Load Balancer";"component";"31694a7e-25c5-474c-a56e-cb911d8e20ee";"0"
"numberOfAsynchronousEndpointsOfferedByAService";"Number of asynchronous endpoints offered by a service";"teastore-private-nlb-rds-three-lowreplication-model";"Network Load Balancer";"component";"31694a7e-25c5-474c-a56e-cb911d8e20ee";"0"
"numberOfSynchronousOutgoingLinks";"Number of synchronous outgoing links";"teastore-private-nlb-rds-three-lowreplication-model";"Network Load Balancer";"component";"31694a7e-25c5-474c-a56e-cb911d8e20ee";"0"
"numberOfAsynchronousOutgoingLinks";"Number of asynchronous outgoing links";"teastore-private-nlb-rds-three-lowreplication-model";"Network Load Balancer";"component";"31694a7e-25c5-474c-a56e-cb911d8e20ee";"0"
"ratioOfAsynchronousOutgoingLinks";"Ratio of asynchronous outgoing links";"teastore-private-nlb-rds-three-lowreplication-model";"Network Load Balancer";"component";"31694a7e-25c5-474c-a56e-cb911d8e20ee";"0"
"numberOfLinksPerComponent";"Number of Links per Component ";"teastore-private-nlb-rds-three-lowreplication-model";"Network Load Balancer";"component";"31694a7e-25c5-474c-a56e-cb911d8e20ee";"0"
"numberOfConsumedEndpoints";"Number of Consumed Endpoints";"teastore-private-nlb-rds-three-lowreplication-model";"Network Load Balancer";"component";"31694a7e-25c5-474c-a56e-cb911d8e20ee";"0"
"incomingOutgoingRatioOfAComponent";"Incoming outgoing ratio of a component";"teastore-private-nlb-rds-three-lowreplication-model";"Network Load Balancer";"component";"31694a7e-25c5-474c-a56e-cb911d8e20ee";"0"
"ratioOfOutgoingLinksOfAService";"Ratio of outgoing links of a service";"teastore-private-nlb-rds-three-lowreplication-model";"Network Load Balancer";"component";"31694a7e-25c5-474c-a56e-cb911d8e20ee";"0"
"serviceCouplingBasedOnEndpointEntropy";"Service Coupling based on Endpoint Entropy";"teastore-private-nlb-rds-three-lowreplication-model";"Network Load Balancer";"component";"31694a7e-25c5-474c-a56e-cb911d8e20ee";"0"
"combinedMetricForIndirectDependency";"Combined metric for indirect dependency";"teastore-private-nlb-rds-three-lowreplication-model";"Network Load Balancer";"component";"31694a7e-25c5-474c-a56e-cb911d8e20ee";"0"
"indirectInteractionDensity";"Indirect Interaction density of a system";"teastore-private-nlb-rds-three-lowreplication-model";"Network Load Balancer";"component";"31694a7e-25c5-474c-a56e-cb911d8e20ee";"0"
"averageNumberOfDirectlyConnectedServices";"Average Number of Directly Connected Services";"teastore-private-nlb-rds-three-lowreplication-model";"Network Load Balancer";"component";"31694a7e-25c5-474c-a56e-cb911d8e20ee";"0"
"numberOfComponentsThatAreLinkedToAComponent";"Number of Components that are linked to a component";"teastore-private-nlb-rds-three-lowreplication-model";"Network Load Balancer";"component";"31694a7e-25c5-474c-a56e-cb911d8e20ee";"0"
"numberOfComponentsAComponentIsLinkedTo";"Number of Components a component is linked to";"teastore-private-nlb-rds-three-lowreplication-model";"Network Load Balancer";"component";"31694a7e-25c5-474c-a56e-cb911d8e20ee";"0"
"numberOfComponentsAComponentIsLinkedToRelativeToTheTotalAmountOfComponents";"Number of Components a component is linked to relative to the total amount of components";"teastore-private-nlb-rds-three-lowreplication-model";"Network Load Balancer";"component";"31694a7e-25c5-474c-a56e-cb911d8e20ee";"0"
"cyclicCommunication";"Cyclic Communication";"teastore-private-nlb-rds-three-lowreplication-model";"Network Load Balancer";"component";"31694a7e-25c5-474c-a56e-cb911d8e20ee";"0"
"relativeImportanceOfTheService";"Relative Importance of the Service";"teastore-private-nlb-rds-three-lowreplication-model";"Network Load Balancer";"component";"31694a7e-25c5-474c-a56e-cb911d8e20ee";"0"
"serviceCriticality";"Service Criticality";"teastore-private-nlb-rds-three-lowreplication-model";"Network Load Balancer";"component";"31694a7e-25c5-474c-a56e-cb911d8e20ee";"0"
"degreeOfStorageBackendSharing";"Degree of Storage Backend Sharing";"teastore-private-nlb-rds-three-lowreplication-model";"Network Load Balancer";"component";"31694a7e-25c5-474c-a56e-cb911d8e20ee";"0"
"ratioOfStorageBackendSharing";"Ratio of Storage Backend Sharing";"teastore-private-nlb-rds-three-lowreplication-model";"Network Load Balancer";"component";"31694a7e-25c5-474c-a56e-cb911d8e20ee";"0"
"amountOfRedundancy";"Amount of redundancy";"teastore-private-nlb-rds-three-lowreplication-model";"Network Load Balancer";"component";"31694a7e-25c5-474c-a56e-cb911d8e20ee";"1"
"serviceReplicationLevel";"Service Replication level";"teastore-private-nlb-rds-three-lowreplication-model";"Network Load Balancer";"component";"31694a7e-25c5-474c-a56e-cb911d8e20ee";"1"
"storageReplicationLevel";"Storage Replication level";"teastore-private-nlb-rds-three-lowreplication-model";"Network Load Balancer";"component";"31694a7e-25c5-474c-a56e-cb911d8e20ee";"n/a"
"numberOfLinksWithRetryLogic";"Number of Links with retry logic";"teastore-private-nlb-rds-three-lowreplication-model";"Network Load Balancer";"component";"31694a7e-25c5-474c-a56e-cb911d8e20ee";"0"
"numberOfLinksWithComplexFailover";"Number of Links with Complex Failover";"teastore-private-nlb-rds-three-lowreplication-model";"Network Load Balancer";"component";"31694a7e-25c5-474c-a56e-cb911d8e20ee";"0"
"serviceMeshUsage";"Service Mesh Usage";"teastore-private-nlb-rds-three-lowreplication-model";"Network Load Balancer";"component";"31694a7e-25c5-474c-a56e-cb911d8e20ee";"0"
"totalServiceInterfaceCohesion";"Total Service Interface Cohesion";"teastore-private-nlb-rds-three-lowreplication-model";"Network Load Balancer";"component";"31694a7e-25c5-474c-a56e-cb911d8e20ee";"0"
"serviceSize";"Size of a service";"teastore-private-nlb-rds-three-lowreplication-model";"Network Load Balancer";"component";"31694a7e-25c5-474c-a56e-cb911d8e20ee";"0"
"ratioOfEndpointsSupportingSsl";"Ratio of endpoints that support SSL";"teastore-private-nlb-rds-three-lowreplication-model";"Webui";"component";"c751a963-9e78-4ae3-8131-af772fad2af8";"0"
"ratioOfExternalEndpointsSupportingTls";"Ratio of external endpoints that support TLS";"teastore-private-nlb-rds-three-lowreplication-model";"Webui";"component";"c751a963-9e78-4ae3-8131-af772fad2af8";"0"
"serviceInterfaceDataCohesion";"Service Interface Data Cohesion";"teastore-private-nlb-rds-three-lowreplication-model";"Webui";"component";"c751a963-9e78-4ae3-8131-af772fad2af8";"2.8"
"cohesionBetweenEndpointsBasedOnDataAggregateUsage";"Cohesion between Endpoints based on data aggregate usage";"teastore-private-nlb-rds-three-lowreplication-model";"Webui";"component";"c751a963-9e78-4ae3-8131-af772fad2af8";"0.19901960784313721"
"resourceCount";"Data Aggregate Count";"teastore-private-nlb-rds-three-lowreplication-model";"Webui";"component";"c751a963-9e78-4ae3-8131-af772fad2af8";"5"
"numberOfProvidedSynchronousAndAsynchronousEndpoints";"Number of provided synchronous and asynchronous endpoints";"teastore-private-nlb-rds-three-lowreplication-model";"Webui";"component";"c751a963-9e78-4ae3-8131-af772fad2af8";"17"
"numberOfSynchronousEndpointsOfferedByAService";"Number of synchronous endpoints offered by a service";"teastore-private-nlb-rds-three-lowreplication-model";"Webui";"component";"c751a963-9e78-4ae3-8131-af772fad2af8";"17"
"serviceInterfaceUsageCohesion";"Service Interface Usage Cohesion";"teastore-private-nlb-rds-three-lowreplication-model";"Webui";"component";"c751a963-9e78-4ae3-8131-af772fad2af8";"0"
"unusedEndpointCount";"Unused Endpoint Count";"teastore-private-nlb-rds-three-lowreplication-model";"Webui";"component";"c751a963-9e78-4ae3-8131-af772fad2af8";"1"
"numberOfReadEndpointsProvidedByAService";"Number of Read Endpoints provided by a service";"teastore-private-nlb-rds-three-lowreplication-model";"Webui";"component";"c751a963-9e78-4ae3-8131-af772fad2af8";"10"
"numberOfWriteEndpointsProvidedByAService";"Number of Write Endpoints provided by a service";"teastore-private-nlb-rds-three-lowreplication-model";"Webui";"component";"c751a963-9e78-4ae3-8131-af772fad2af8";"7"
"ratioOfStateDependencyOfEndpoints";"Ratio of state dependency of endpoints";"teastore-private-nlb-rds-three-lowreplication-model";"Webui";"component";"c751a963-9e78-4ae3-8131-af772fad2af8";"0.8235294117647058"
"numberOfAsynchronousEndpointsOfferedByAService";"Number of asynchronous endpoints offered by a service";"teastore-private-nlb-rds-three-lowreplication-model";"Webui";"component";"c751a963-9e78-4ae3-8131-af772fad2af8";"0"
"numberOfSynchronousOutgoingLinks";"Number of synchronous outgoing links";"teastore-private-nlb-rds-three-lowreplication-model";"Webui";"component";"c751a963-9e78-4ae3-8131-af772fad2af8";"22"
"numberOfAsynchronousOutgoingLinks";"Number of asynchronous outgoing links";"teastore-private-nlb-rds-three-lowreplication-model";"Webui";"component";"c751a963-9e78-4ae3-8131-af772fad2af8";"0"
"ratioOfAsynchronousOutgoingLinks";"Ratio of asynchronous outgoing links";"teastore-private-nlb-rds-three-lowreplication-model";"Webui";"component";"c751a963-9e78-4ae3-8131-af772fad2af8";"0"
"numberOfLinksPerComponent";"Number of Links per Component ";"teastore-private-nlb-rds-three-lowreplication-model";"Webui";"component";"c751a963-9e78-4ae3-8131-af772fad2af8";"22"
"numberOfConsumedEndpoints";"Number of Consumed Endpoints";"teastore-private-nlb-rds-three-lowreplication-model";"Webui";"component";"c751a963-9e78-4ae3-8131-af772fad2af8";"22"
"incomingOutgoingRatioOfAComponent";"Incoming outgoing ratio of a component";"teastore-private-nlb-rds-three-lowreplication-model";"Webui";"component";"c751a963-9e78-4ae3-8131-af772fad2af8";"0"
"ratioOfOutgoingLinksOfAService";"Ratio of outgoing links of a service";"teastore-private-nlb-rds-three-lowreplication-model";"Webui";"component";"c751a963-9e78-4ae3-8131-af772fad2af8";"100"
"serviceCouplingBasedOnEndpointEntropy";"Service Coupling based on Endpoint Entropy";"teastore-private-nlb-rds-three-lowreplication-model";"Webui";"component";"c751a963-9e78-4ae3-8131-af772fad2af8";"0"
"combinedMetricForIndirectDependency";"Combined metric for indirect dependency";"teastore-private-nlb-rds-three-lowreplication-model";"Webui";"component";"c751a963-9e78-4ae3-8131-af772fad2af8";"0.25"
"indirectInteractionDensity";"Indirect Interaction density of a system";"teastore-private-nlb-rds-three-lowreplication-model";"Webui";"component";"c751a963-9e78-4ae3-8131-af772fad2af8";"0.5"
"averageNumberOfDirectlyConnectedServices";"Average Number of Directly Connected Services";"teastore-private-nlb-rds-three-lowreplication-model";"Webui";"component";"c751a963-9e78-4ae3-8131-af772fad2af8";"0.625"
"numberOfComponentsThatAreLinkedToAComponent";"Number of Components that are linked to a component";"teastore-private-nlb-rds-three-lowreplication-model";"Webui";"component";"c751a963-9e78-4ae3-8131-af772fad2af8";"0"
"numberOfComponentsAComponentIsLinkedTo";"Number of Components a component is linked to";"teastore-private-nlb-rds-three-lowreplication-model";"Webui";"component";"c751a963-9e78-4ae3-8131-af772fad2af8";"5"
"numberOfComponentsAComponentIsLinkedToRelativeToTheTotalAmountOfComponents";"Number of Components a component is linked to relative to the total amount of components";"teastore-private-nlb-rds-three-lowreplication-model";"Webui";"component";"c751a963-9e78-4ae3-8131-af772fad2af8";"0.625"
"cyclicCommunication";"Cyclic Communication";"teastore-private-nlb-rds-three-lowreplication-model";"Webui";"component";"c751a963-9e78-4ae3-8131-af772fad2af8";"0"
"relativeImportanceOfTheService";"Relative Importance of the Service";"teastore-private-nlb-rds-three-lowreplication-model";"Webui";"component";"c751a963-9e78-4ae3-8131-af772fad2af8";"0"
"serviceCriticality";"Service Criticality";"teastore-private-nlb-rds-three-lowreplication-model";"Webui";"component";"c751a963-9e78-4ae3-8131-af772fad2af8";"0"
"degreeOfStorageBackendSharing";"Degree of Storage Backend Sharing";"teastore-private-nlb-rds-three-lowreplication-model";"Webui";"component";"c751a963-9e78-4ae3-8131-af772fad2af8";"0"
"ratioOfStorageBackendSharing";"Ratio of Storage Backend Sharing";"teastore-private-nlb-rds-three-lowreplication-model";"Webui";"component";"c751a963-9e78-4ae3-8131-af772fad2af8";"0"
"amountOfRedundancy";"Amount of redundancy";"teastore-private-nlb-rds-three-lowreplication-model";"Webui";"component";"c751a963-9e78-4ae3-8131-af772fad2af8";"1"
"serviceReplicationLevel";"Service Replication level";"teastore-private-nlb-rds-three-lowreplication-model";"Webui";"component";"c751a963-9e78-4ae3-8131-af772fad2af8";"2"
"storageReplicationLevel";"Storage Replication level";"teastore-private-nlb-rds-three-lowreplication-model";"Webui";"component";"c751a963-9e78-4ae3-8131-af772fad2af8";"n/a"
"numberOfLinksWithRetryLogic";"Number of Links with retry logic";"teastore-private-nlb-rds-three-lowreplication-model";"Webui";"component";"c751a963-9e78-4ae3-8131-af772fad2af8";"0"
"numberOfLinksWithComplexFailover";"Number of Links with Complex Failover";"teastore-private-nlb-rds-three-lowreplication-model";"Webui";"component";"c751a963-9e78-4ae3-8131-af772fad2af8";"0"
"serviceMeshUsage";"Service Mesh Usage";"teastore-private-nlb-rds-three-lowreplication-model";"Webui";"component";"c751a963-9e78-4ae3-8131-af772fad2af8";"0"
"totalServiceInterfaceCohesion";"Total Service Interface Cohesion";"teastore-private-nlb-rds-three-lowreplication-model";"Webui";"component";"c751a963-9e78-4ae3-8131-af772fad2af8";"1.4"
"serviceSize";"Size of a service";"teastore-private-nlb-rds-three-lowreplication-model";"Webui";"component";"c751a963-9e78-4ae3-8131-af772fad2af8";"5"
"ratioOfEndpointsSupportingSsl";"Ratio of endpoints that support SSL";"teastore-private-nlb-rds-three-lowreplication-model";"Auth";"component";"a0c64fb5-b1ea-48ab-bc89-be51ab3a78b6";"0"
"ratioOfExternalEndpointsSupportingTls";"Ratio of external endpoints that support TLS";"teastore-private-nlb-rds-three-lowreplication-model";"Auth";"component";"a0c64fb5-b1ea-48ab-bc89-be51ab3a78b6";"0"
"serviceInterfaceDataCohesion";"Service Interface Data Cohesion";"teastore-private-nlb-rds-three-lowreplication-model";"Auth";"component";"a0c64fb5-b1ea-48ab-bc89-be51ab3a78b6";"1.6666666666666667"
"cohesionBetweenEndpointsBasedOnDataAggregateUsage";"Cohesion between Endpoints based on data aggregate usage";"teastore-private-nlb-rds-three-lowreplication-model";"Auth";"component";"a0c64fb5-b1ea-48ab-bc89-be51ab3a78b6";"0.17857142857142858"
"resourceCount";"Data Aggregate Count";"teastore-private-nlb-rds-three-lowreplication-model";"Auth";"component";"a0c64fb5-b1ea-48ab-bc89-be51ab3a78b6";"3"
"numberOfProvidedSynchronousAndAsynchronousEndpoints";"Number of provided synchronous and asynchronous endpoints";"teastore-private-nlb-rds-three-lowreplication-model";"Auth";"component";"a0c64fb5-b1ea-48ab-bc89-be51ab3a78b6";"8"
"numberOfSynchronousEndpointsOfferedByAService";"Number of synchronous endpoints offered by a service";"teastore-private-nlb-rds-three-lowreplication-model";"Auth";"component";"a0c64fb5-b1ea-48ab-bc89-be51ab3a78b6";"8"
"serviceInterfaceUsageCohesion";"Service Interface Usage Cohesion";"teastore-private-nlb-rds-three-lowreplication-model";"Auth";"component";"a0c64fb5-b1ea-48ab-bc89-be51ab3a78b6";"0.875"
"unusedEndpointCount";"Unused Endpoint Count";"teastore-private-nlb-rds-three-lowreplication-model";"Auth";"component";"a0c64fb5-b1ea-48ab-bc89-be51ab3a78b6";"1"
"numberOfReadEndpointsProvidedByAService";"Number of Read Endpoints provided by a service";"teastore-private-nlb-rds-three-lowreplication-model";"Auth";"component";"a0c64fb5-b1ea-48ab-bc89-be51ab3a78b6";"3"
"numberOfWriteEndpointsProvidedByAService";"Number of Write Endpoints provided by a service";"teastore-private-nlb-rds-three-lowreplication-model";"Auth";"component";"a0c64fb5-b1ea-48ab-bc89-be51ab3a78b6";"5"
"ratioOfStateDependencyOfEndpoints";"Ratio of state dependency of endpoints";"teastore-private-nlb-rds-three-lowreplication-model";"Auth";"component";"a0c64fb5-b1ea-48ab-bc89-be51ab3a78b6";"0.75"
"numberOfAsynchronousEndpointsOfferedByAService";"Number of asynchronous endpoints offered by a service";"teastore-private-nlb-rds-three-lowreplication-model";"Auth";"component";"a0c64fb5-b1ea-48ab-bc89-be51ab3a78b6";"0"
"numberOfSynchronousOutgoingLinks";"Number of synchronous outgoing links";"teastore-private-nlb-rds-three-lowreplication-model";"Auth";"component";"a0c64fb5-b1ea-48ab-bc89-be51ab3a78b6";"3"
"numberOfAsynchronousOutgoingLinks";"Number of asynchronous outgoing links";"teastore-private-nlb-rds-three-lowreplication-model";"Auth";"component";"a0c64fb5-b1ea-48ab-bc89-be51ab3a78b6";"0"
"ratioOfAsynchronousOutgoingLinks";"Ratio of asynchronous outgoing links";"teastore-private-nlb-rds-three-lowreplication-model";"Auth";"component";"a0c64fb5-b1ea-48ab-bc89-be51ab3a78b6";"0"
"numberOfLinksPerComponent";"Number of Links per Component ";"teastore-private-nlb-rds-three-lowreplication-model";"Auth";"component";"a0c64fb5-b1ea-48ab-bc89-be51ab3a78b6";"10"
"numberOfConsumedEndpoints";"Number of Consumed Endpoints";"teastore-private-nlb-rds-three-lowreplication-model";"Auth";"component";"a0c64fb5-b1ea-48ab-bc89-be51ab3a78b6";"3"
"incomingOutgoingRatioOfAComponent";"Incoming outgoing ratio of a component";"teastore-private-nlb-rds-three-lowreplication-model";"Auth";"component";"a0c64fb5-b1ea-48ab-bc89-be51ab3a78b6";"0.42857142857142855"
"ratioOfOutgoingLinksOfAService";"Ratio of outgoing links of a service";"teastore-private-nlb-rds-three-lowreplication-model";"Auth";"component";"a0c64fb5-b1ea-48ab-bc89-be51ab3a78b6";"30"
"serviceCouplingBasedOnEndpointEntropy";"Service Coupling based on Endpoint Entropy";"teastore-private-nlb-rds-three-lowreplication-model";"Auth";"component";"a0c64fb5-b1ea-48ab-bc89-be51ab3a78b6";"0.26340124620598354"
"combinedMetricForIndirectDependency";"Combined metric for indirect dependency";"teastore-private-nlb-rds-three-lowreplication-model";"Auth";"component";"a0c64fb5-b1ea-48ab-bc89-be51ab3a78b6";"0.16666666666666666"
"indirectInteractionDensity";"Indirect Interaction density of a system";"teastore-private-nlb-rds-three-lowreplication-model";"Auth";"component";"a0c64fb5-b1ea-48ab-bc89-be51ab3a78b6";"0.3333333333333333"
"averageNumberOfDirectlyConnectedServices";"Average Number of Directly Connected Services";"teastore-private-nlb-rds-three-lowreplication-model";"Auth";"component";"a0c64fb5-b1ea-48ab-bc89-be51ab3a78b6";"0.25"
"numberOfComponentsThatAreLinkedToAComponent";"Number of Components that are linked to a component";"teastore-private-nlb-rds-three-lowreplication-model";"Auth";"component";"a0c64fb5-b1ea-48ab-bc89-be51ab3a78b6";"1"
"numberOfComponentsAComponentIsLinkedTo";"Number of Components a component is linked to";"teastore-private-nlb-rds-three-lowreplication-model";"Auth";"component";"a0c64fb5-b1ea-48ab-bc89-be51ab3a78b6";"1"
"numberOfComponentsAComponentIsLinkedToRelativeToTheTotalAmountOfComponents";"Number of Components a component is linked to relative to the total amount of components";"teastore-private-nlb-rds-three-lowreplication-model";"Auth";"component";"a0c64fb5-b1ea-48ab-bc89-be51ab3a78b6";"0.125"
"cyclicCommunication";"Cyclic Communication";"teastore-private-nlb-rds-three-lowreplication-model";"Auth";"component";"a0c64fb5-b1ea-48ab-bc89-be51ab3a78b6";"0"
"relativeImportanceOfTheService";"Relative Importance of the Service";"teastore-private-nlb-rds-three-lowreplication-model";"Auth";"component";"a0c64fb5-b1ea-48ab-bc89-be51ab3a78b6";"0.125"
"serviceCriticality";"Service Criticality";"teastore-private-nlb-rds-three-lowreplication-model";"Auth";"component";"a0c64fb5-b1ea-48ab-bc89-be51ab3a78b6";"1"
"degreeOfStorageBackendSharing";"Degree of Storage Backend Sharing";"teastore-private-nlb-rds-three-lowreplication-model";"Auth";"component";"a0c64fb5-b1ea-48ab-bc89-be51ab3a78b6";"0"
"ratioOfStorageBackendSharing";"Ratio of Storage Backend Sharing";"teastore-private-nlb-rds-three-lowreplication-model";"Auth";"component";"a0c64fb5-b1ea-48ab-bc89-be51ab3a78b6";"0"
"amountOfRedundancy";"Amount of redundancy";"teastore-private-nlb-rds-three-lowreplication-model";"Auth";"component";"a0c64fb5-b1ea-48ab-bc89-be51ab3a78b6";"1"
"serviceReplicationLevel";"Service Replication level";"teastore-private-nlb-rds-three-lowreplication-model";"Auth";"component";"a0c64fb5-b1ea-48ab-bc89-be51ab3a78b6";"2"
"storageReplicationLevel";"Storage Replication level";"teastore-private-nlb-rds-three-lowreplication-model";"Auth";"component";"a0c64fb5-b1ea-48ab-bc89-be51ab3a78b6";"n/a"
"numberOfLinksWithRetryLogic";"Number of Links with retry logic";"teastore-private-nlb-rds-three-lowreplication-model";"Auth";"component";"a0c64fb5-b1ea-48ab-bc89-be51ab3a78b6";"0"
"numberOfLinksWithComplexFailover";"Number of Links with Complex Failover";"teastore-private-nlb-rds-three-lowreplication-model";"Auth";"component";"a0c64fb5-b1ea-48ab-bc89-be51ab3a78b6";"0"
"serviceMeshUsage";"Service Mesh Usage";"teastore-private-nlb-rds-three-lowreplication-model";"Auth";"component";"a0c64fb5-b1ea-48ab-bc89-be51ab3a78b6";"0"
"totalServiceInterfaceCohesion";"Total Service Interface Cohesion";"teastore-private-nlb-rds-three-lowreplication-model";"Auth";"component";"a0c64fb5-b1ea-48ab-bc89-be51ab3a78b6";"1.2708333333333335"
"serviceSize";"Size of a service";"teastore-private-nlb-rds-three-lowreplication-model";"Auth";"component";"a0c64fb5-b1ea-48ab-bc89-be51ab3a78b6";"4"
"ratioOfEndpointsSupportingSsl";"Ratio of endpoints that support SSL";"teastore-private-nlb-rds-three-lowreplication-model";"Recommender";"component";"6c9ed983-b1bd-48a0-97ce-38699546eb01";"0"
"ratioOfExternalEndpointsSupportingTls";"Ratio of external endpoints that support TLS";"teastore-private-nlb-rds-three-lowreplication-model";"Recommender";"component";"6c9ed983-b1bd-48a0-97ce-38699546eb01";"0"
"serviceInterfaceDataCohesion";"Service Interface Data Cohesion";"teastore-private-nlb-rds-three-lowreplication-model";"Recommender";"component";"6c9ed983-b1bd-48a0-97ce-38699546eb01";"0"
"cohesionBetweenEndpointsBasedOnDataAggregateUsage";"Cohesion between Endpoints based on data aggregate usage";"teastore-private-nlb-rds-three-lowreplication-model";"Recommender";"component";"6c9ed983-b1bd-48a0-97ce-38699546eb01";"0"
"resourceCount";"Data Aggregate Count";"teastore-private-nlb-rds-three-lowreplication-model";"Recommender";"component";"6c9ed983-b1bd-48a0-97ce-38699546eb01";"0"
"numberOfProvidedSynchronousAndAsynchronousEndpoints";"Number of provided synchronous and asynchronous endpoints";"teastore-private-nlb-rds-three-lowreplication-model";"Recommender";"component";"6c9ed983-b1bd-48a0-97ce-38699546eb01";"5"
"numberOfSynchronousEndpointsOfferedByAService";"Number of synchronous endpoints offered by a service";"teastore-private-nlb-rds-three-lowreplication-model";"Recommender";"component";"6c9ed983-b1bd-48a0-97ce-38699546eb01";"5"
"serviceInterfaceUsageCohesion";"Service Interface Usage Cohesion";"teastore-private-nlb-rds-three-lowreplication-model";"Recommender";"component";"6c9ed983-b1bd-48a0-97ce-38699546eb01";"0.4"
"unusedEndpointCount";"Unused Endpoint Count";"teastore-private-nlb-rds-three-lowreplication-model";"Recommender";"component";"6c9ed983-b1bd-48a0-97ce-38699546eb01";"3"
"numberOfReadEndpointsProvidedByAService";"Number of Read Endpoints provided by a service";"teastore-private-nlb-rds-three-lowreplication-model";"Recommender";"component";"6c9ed983-b1bd-48a0-97ce-38699546eb01";"4"
"numberOfWriteEndpointsProvidedByAService";"Number of Write Endpoints provided by a service";"teastore-private-nlb-rds-three-lowreplication-model";"Recommender";"component";"6c9ed983-b1bd-48a0-97ce-38699546eb01";"1"
"ratioOfStateDependencyOfEndpoints";"Ratio of state dependency of endpoints";"teastore-private-nlb-rds-three-lowreplication-model";"Recommender";"component";"6c9ed983-b1bd-48a0-97ce-38699546eb01";"0"
"numberOfAsynchronousEndpointsOfferedByAService";"Number of asynchronous endpoints offered by a service";"teastore-private-nlb-rds-three-lowreplication-model";"Recommender";"component";"6c9ed983-b1bd-48a0-97ce-38699546eb01";"0"
"numberOfSynchronousOutgoingLinks";"Number of synchronous outgoing links";"teastore-private-nlb-rds-three-lowreplication-model";"Recommender";"component";"6c9ed983-b1bd-48a0-97ce-38699546eb01";"3"
"numberOfAsynchronousOutgoingLinks";"Number of asynchronous outgoing links";"teastore-private-nlb-rds-three-lowreplication-model";"Recommender";"component";"6c9ed983-b1bd-48a0-97ce-38699546eb01";"0"
"ratioOfAsynchronousOutgoingLinks";"Ratio of asynchronous outgoing links";"teastore-private-nlb-rds-three-lowreplication-model";"Recommender";"component";"6c9ed983-b1bd-48a0-97ce-38699546eb01";"0"
"numberOfLinksPerComponent";"Number of Links per Component ";"teastore-private-nlb-rds-three-lowreplication-model";"Recommender";"component";"6c9ed983-b1bd-48a0-97ce-38699546eb01";"5"
"numberOfConsumedEndpoints";"Number of Consumed Endpoints";"teastore-private-nlb-rds-three-lowreplication-model";"Recommender";"component";"6c9ed983-b1bd-48a0-97ce-38699546eb01";"3"
"incomingOutgoingRatioOfAComponent";"Incoming outgoing ratio of a component";"teastore-private-nlb-rds-three-lowreplication-model";"Recommender";"component";"6c9ed983-b1bd-48a0-97ce-38699546eb01";"1.5"
"ratioOfOutgoingLinksOfAService";"Ratio of outgoing links of a service";"teastore-private-nlb-rds-three-lowreplication-model";"Recommender";"component";"6c9ed983-b1bd-48a0-97ce-38699546eb01";"60"
"serviceCouplingBasedOnEndpointEntropy";"Service Coupling based on Endpoint Entropy";"teastore-private-nlb-rds-three-lowreplication-model";"Recommender";"component";"6c9ed983-b1bd-48a0-97ce-38699546eb01";"0.12041199826559248"
"combinedMetricForIndirectDependency";"Combined metric for indirect dependency";"teastore-private-nlb-rds-three-lowreplication-model";"Recommender";"component";"6c9ed983-b1bd-48a0-97ce-38699546eb01";"0.1"
"indirectInteractionDensity";"Indirect Interaction density of a system";"teastore-private-nlb-rds-three-lowreplication-model";"Recommender";"component";"6c9ed983-b1bd-48a0-97ce-38699546eb01";"0.2"
"averageNumberOfDirectlyConnectedServices";"Average Number of Directly Connected Services";"teastore-private-nlb-rds-three-lowreplication-model";"Recommender";"component";"6c9ed983-b1bd-48a0-97ce-38699546eb01";"0.375"
"numberOfComponentsThatAreLinkedToAComponent";"Number of Components that are linked to a component";"teastore-private-nlb-rds-three-lowreplication-model";"Recommender";"component";"6c9ed983-b1bd-48a0-97ce-38699546eb01";"1"
"numberOfComponentsAComponentIsLinkedTo";"Number of Components a component is linked to";"teastore-private-nlb-rds-three-lowreplication-model";"Recommender";"component";"6c9ed983-b1bd-48a0-97ce-38699546eb01";"2"
"numberOfComponentsAComponentIsLinkedToRelativeToTheTotalAmountOfComponents";"Number of Components a component is linked to relative to the total amount of components";"teastore-private-nlb-rds-three-lowreplication-model";"Recommender";"component";"6c9ed983-b1bd-48a0-97ce-38699546eb01";"0.25"
"cyclicCommunication";"Cyclic Communication";"teastore-private-nlb-rds-three-lowreplication-model";"Recommender";"component";"6c9ed983-b1bd-48a0-97ce-38699546eb01";"0"
"relativeImportanceOfTheService";"Relative Importance of the Service";"teastore-private-nlb-rds-three-lowreplication-model";"Recommender";"component";"6c9ed983-b1bd-48a0-97ce-38699546eb01";"0.125"
"serviceCriticality";"Service Criticality";"teastore-private-nlb-rds-three-lowreplication-model";"Recommender";"component";"6c9ed983-b1bd-48a0-97ce-38699546eb01";"2"
"degreeOfStorageBackendSharing";"Degree of Storage Backend Sharing";"teastore-private-nlb-rds-three-lowreplication-model";"Recommender";"component";"6c9ed983-b1bd-48a0-97ce-38699546eb01";"0"
"ratioOfStorageBackendSharing";"Ratio of Storage Backend Sharing";"teastore-private-nlb-rds-three-lowreplication-model";"Recommender";"component";"6c9ed983-b1bd-48a0-97ce-38699546eb01";"0"
"amountOfRedundancy";"Amount of redundancy";"teastore-private-nlb-rds-three-lowreplication-model";"Recommender";"component";"6c9ed983-b1bd-48a0-97ce-38699546eb01";"1"
"serviceReplicationLevel";"Service Replication level";"teastore-private-nlb-rds-three-lowreplication-model";"Recommender";"component";"6c9ed983-b1bd-48a0-97ce-38699546eb01";"2"
"storageReplicationLevel";"Storage Replication level";"teastore-private-nlb-rds-three-lowreplication-model";"Recommender";"component";"6c9ed983-b1bd-48a0-97ce-38699546eb01";"n/a"
"numberOfLinksWithRetryLogic";"Number of Links with retry logic";"teastore-private-nlb-rds-three-lowreplication-model";"Recommender";"component";"6c9ed983-b1bd-48a0-97ce-38699546eb01";"0"
"numberOfLinksWithComplexFailover";"Number of Links with Complex Failover";"teastore-private-nlb-rds-three-lowreplication-model";"Recommender";"component";"6c9ed983-b1bd-48a0-97ce-38699546eb01";"0"
"serviceMeshUsage";"Service Mesh Usage";"teastore-private-nlb-rds-three-lowreplication-model";"Recommender";"component";"6c9ed983-b1bd-48a0-97ce-38699546eb01";"0"
"totalServiceInterfaceCohesion";"Total Service Interface Cohesion";"teastore-private-nlb-rds-three-lowreplication-model";"Recommender";"component";"6c9ed983-b1bd-48a0-97ce-38699546eb01";"0.2"
"serviceSize";"Size of a service";"teastore-private-nlb-rds-three-lowreplication-model";"Recommender";"component";"6c9ed983-b1bd-48a0-97ce-38699546eb01";"1"
"ratioOfEndpointsSupportingSsl";"Ratio of endpoints that support SSL";"teastore-private-nlb-rds-three-lowreplication-model";"MariaDB RDS Instance";"component";"da1963df-6c73-4813-b1b1-a42c10b97416";"0"
"ratioOfExternalEndpointsSupportingTls";"Ratio of external endpoints that support TLS";"teastore-private-nlb-rds-three-lowreplication-model";"MariaDB RDS Instance";"component";"da1963df-6c73-4813-b1b1-a42c10b97416";"0"
"serviceInterfaceDataCohesion";"Service Interface Data Cohesion";"teastore-private-nlb-rds-three-lowreplication-model";"MariaDB RDS Instance";"component";"da1963df-6c73-4813-b1b1-a42c10b97416";"0"
"cohesionBetweenEndpointsBasedOnDataAggregateUsage";"Cohesion between Endpoints based on data aggregate usage";"teastore-private-nlb-rds-three-lowreplication-model";"MariaDB RDS Instance";"component";"da1963df-6c73-4813-b1b1-a42c10b97416";"0"
"resourceCount";"Data Aggregate Count";"teastore-private-nlb-rds-three-lowreplication-model";"MariaDB RDS Instance";"component";"da1963df-6c73-4813-b1b1-a42c10b97416";"4"
"numberOfProvidedSynchronousAndAsynchronousEndpoints";"Number of provided synchronous and asynchronous endpoints";"teastore-private-nlb-rds-three-lowreplication-model";"MariaDB RDS Instance";"component";"da1963df-6c73-4813-b1b1-a42c10b97416";"1"
"numberOfSynchronousEndpointsOfferedByAService";"Number of synchronous endpoints offered by a service";"teastore-private-nlb-rds-three-lowreplication-model";"MariaDB RDS Instance";"component";"da1963df-6c73-4813-b1b1-a42c10b97416";"1"
"serviceInterfaceUsageCohesion";"Service Interface Usage Cohesion";"teastore-private-nlb-rds-three-lowreplication-model";"MariaDB RDS Instance";"component";"da1963df-6c73-4813-b1b1-a42c10b97416";"1"
"unusedEndpointCount";"Unused Endpoint Count";"teastore-private-nlb-rds-three-lowreplication-model";"MariaDB RDS Instance";"component";"da1963df-6c73-4813-b1b1-a42c10b97416";"0"
"numberOfReadEndpointsProvidedByAService";"Number of Read Endpoints provided by a service";"teastore-private-nlb-rds-three-lowreplication-model";"MariaDB RDS Instance";"component";"da1963df-6c73-4813-b1b1-a42c10b97416";"1"
"numberOfWriteEndpointsProvidedByAService";"Number of Write Endpoints provided by a service";"teastore-private-nlb-rds-three-lowreplication-model";"MariaDB RDS Instance";"component";"da1963df-6c73-4813-b1b1-a42c10b97416";"0"
"ratioOfStateDependencyOfEndpoints";"Ratio of state dependency of endpoints";"teastore-private-nlb-rds-three-lowreplication-model";"MariaDB RDS Instance";"component";"da1963df-6c73-4813-b1b1-a42c10b97416";"1"
"numberOfAsynchronousEndpointsOfferedByAService";"Number of asynchronous endpoints offered by a service";"teastore-private-nlb-rds-three-lowreplication-model";"MariaDB RDS Instance";"component";"da1963df-6c73-4813-b1b1-a42c10b97416";"0"
"numberOfSynchronousOutgoingLinks";"Number of synchronous outgoing links";"teastore-private-nlb-rds-three-lowreplication-model";"MariaDB RDS Instance";"component";"da1963df-6c73-4813-b1b1-a42c10b97416";"0"
"numberOfAsynchronousOutgoingLinks";"Number of asynchronous outgoing links";"teastore-private-nlb-rds-three-lowreplication-model";"MariaDB RDS Instance";"component";"da1963df-6c73-4813-b1b1-a42c10b97416";"0"
"ratioOfAsynchronousOutgoingLinks";"Ratio of asynchronous outgoing links";"teastore-private-nlb-rds-three-lowreplication-model";"MariaDB RDS Instance";"component";"da1963df-6c73-4813-b1b1-a42c10b97416";"0"
"numberOfLinksPerComponent";"Number of Links per Component ";"teastore-private-nlb-rds-three-lowreplication-model";"MariaDB RDS Instance";"component";"da1963df-6c73-4813-b1b1-a42c10b97416";"1"
"numberOfConsumedEndpoints";"Number of Consumed Endpoints";"teastore-private-nlb-rds-three-lowreplication-model";"MariaDB RDS Instance";"component";"da1963df-6c73-4813-b1b1-a42c10b97416";"0"
"incomingOutgoingRatioOfAComponent";"Incoming outgoing ratio of a component";"teastore-private-nlb-rds-three-lowreplication-model";"MariaDB RDS Instance";"component";"da1963df-6c73-4813-b1b1-a42c10b97416";"0"
"ratioOfOutgoingLinksOfAService";"Ratio of outgoing links of a service";"teastore-private-nlb-rds-three-lowreplication-model";"MariaDB RDS Instance";"component";"da1963df-6c73-4813-b1b1-a42c10b97416";"0"
"serviceCouplingBasedOnEndpointEntropy";"Service Coupling based on Endpoint Entropy";"teastore-private-nlb-rds-three-lowreplication-model";"MariaDB RDS Instance";"component";"da1963df-6c73-4813-b1b1-a42c10b97416";"0.3010299956639812"
"combinedMetricForIndirectDependency";"Combined metric for indirect dependency";"teastore-private-nlb-rds-three-lowreplication-model";"MariaDB RDS Instance";"component";"da1963df-6c73-4813-b1b1-a42c10b97416";"0"
"indirectInteractionDensity";"Indirect Interaction density of a system";"teastore-private-nlb-rds-three-lowreplication-model";"MariaDB RDS Instance";"component";"da1963df-6c73-4813-b1b1-a42c10b97416";"0"
"averageNumberOfDirectlyConnectedServices";"Average Number of Directly Connected Services";"teastore-private-nlb-rds-three-lowreplication-model";"MariaDB RDS Instance";"component";"da1963df-6c73-4813-b1b1-a42c10b97416";"0.125"
"numberOfComponentsThatAreLinkedToAComponent";"Number of Components that are linked to a component";"teastore-private-nlb-rds-three-lowreplication-model";"MariaDB RDS Instance";"component";"da1963df-6c73-4813-b1b1-a42c10b97416";"1"
"numberOfComponentsAComponentIsLinkedTo";"Number of Components a component is linked to";"teastore-private-nlb-rds-three-lowreplication-model";"MariaDB RDS Instance";"component";"da1963df-6c73-4813-b1b1-a42c10b97416";"0"
"numberOfComponentsAComponentIsLinkedToRelativeToTheTotalAmountOfComponents";"Number of Components a component is linked to relative to the total amount of components";"teastore-private-nlb-rds-three-lowreplication-model";"MariaDB RDS Instance";"component";"da1963df-6c73-4813-b1b1-a42c10b97416";"0"
"cyclicCommunication";"Cyclic Communication";"teastore-private-nlb-rds-three-lowreplication-model";"MariaDB RDS Instance";"component";"da1963df-6c73-4813-b1b1-a42c10b97416";"0"
"relativeImportanceOfTheService";"Relative Importance of the Service";"teastore-private-nlb-rds-three-lowreplication-model";"MariaDB RDS Instance";"component";"da1963df-6c73-4813-b1b1-a42c10b97416";"0.125"
"serviceCriticality";"Service Criticality";"teastore-private-nlb-rds-three-lowreplication-model";"MariaDB RDS Instance";"component";"da1963df-6c73-4813-b1b1-a42c10b97416";"0"
"degreeOfStorageBackendSharing";"Degree of Storage Backend Sharing";"teastore-private-nlb-rds-three-lowreplication-model";"MariaDB RDS Instance";"component";"da1963df-6c73-4813-b1b1-a42c10b97416";"1"
"ratioOfStorageBackendSharing";"Ratio of Storage Backend Sharing";"teastore-private-nlb-rds-three-lowreplication-model";"MariaDB RDS Instance";"component";"da1963df-6c73-4813-b1b1-a42c10b97416";"0"
"amountOfRedundancy";"Amount of redundancy";"teastore-private-nlb-rds-three-lowreplication-model";"MariaDB RDS Instance";"component";"da1963df-6c73-4813-b1b1-a42c10b97416";"1"
"serviceReplicationLevel";"Service Replication level";"teastore-private-nlb-rds-three-lowreplication-model";"MariaDB RDS Instance";"component";"da1963df-6c73-4813-b1b1-a42c10b97416";"3"
"storageReplicationLevel";"Storage Replication level";"teastore-private-nlb-rds-three-lowreplication-model";"MariaDB RDS Instance";"component";"da1963df-6c73-4813-b1b1-a42c10b97416";"3"
"numberOfLinksWithRetryLogic";"Number of Links with retry logic";"teastore-private-nlb-rds-three-lowreplication-model";"MariaDB RDS Instance";"component";"da1963df-6c73-4813-b1b1-a42c10b97416";"0"
"numberOfLinksWithComplexFailover";"Number of Links with Complex Failover";"teastore-private-nlb-rds-three-lowreplication-model";"MariaDB RDS Instance";"component";"da1963df-6c73-4813-b1b1-a42c10b97416";"0"
"serviceMeshUsage";"Service Mesh Usage";"teastore-private-nlb-rds-three-lowreplication-model";"MariaDB RDS Instance";"component";"da1963df-6c73-4813-b1b1-a42c10b97416";"0"
"totalServiceInterfaceCohesion";"Total Service Interface Cohesion";"teastore-private-nlb-rds-three-lowreplication-model";"MariaDB RDS Instance";"component";"da1963df-6c73-4813-b1b1-a42c10b97416";"0.5"
"serviceSize";"Size of a service";"teastore-private-nlb-rds-three-lowreplication-model";"MariaDB RDS Instance";"component";"da1963df-6c73-4813-b1b1-a42c10b97416";"5"
"ratioOfEndpointsSupportingSsl";"Ratio of endpoints that support SSL";"teastore-private-nlb-rds-three-lowreplication-model";"Registry";"component";"17f6b323-2673-4111-8754-45d17df0eea6";"0"
"ratioOfExternalEndpointsSupportingTls";"Ratio of external endpoints that support TLS";"teastore-private-nlb-rds-three-lowreplication-model";"Registry";"component";"17f6b323-2673-4111-8754-45d17df0eea6";"0"
"serviceInterfaceDataCohesion";"Service Interface Data Cohesion";"teastore-private-nlb-rds-three-lowreplication-model";"Registry";"component";"17f6b323-2673-4111-8754-45d17df0eea6";"0"
"cohesionBetweenEndpointsBasedOnDataAggregateUsage";"Cohesion between Endpoints based on data aggregate usage";"teastore-private-nlb-rds-three-lowreplication-model";"Registry";"component";"17f6b323-2673-4111-8754-45d17df0eea6";"0"
"resourceCount";"Data Aggregate Count";"teastore-private-nlb-rds-three-lowreplication-model";"Registry";"component";"17f6b323-2673-4111-8754-45d17df0eea6";"0"
"numberOfProvidedSynchronousAndAsynchronousEndpoints";"Number of provided synchronous and asynchronous endpoints";"teastore-private-nlb-rds-three-lowreplication-model";"Registry";"component";"17f6b323-2673-4111-8754-45d17df0eea6";"3"
"numberOfSynchronousEndpointsOfferedByAService";"Number of synchronous endpoints offered by a service";"teastore-private-nlb-rds-three-lowreplication-model";"Registry";"component";"17f6b323-2673-4111-8754-45d17df0eea6";"3"
"serviceInterfaceUsageCohesion";"Service Interface Usage Cohesion";"teastore-private-nlb-rds-three-lowreplication-model";"Registry";"component";"17f6b323-2673-4111-8754-45d17df0eea6";"0.5833333333333334"
"unusedEndpointCount";"Unused Endpoint Count";"teastore-private-nlb-rds-three-lowreplication-model";"Registry";"component";"17f6b323-2673-4111-8754-45d17df0eea6";"0"
"numberOfReadEndpointsProvidedByAService";"Number of Read Endpoints provided by a service";"teastore-private-nlb-rds-three-lowreplication-model";"Registry";"component";"17f6b323-2673-4111-8754-45d17df0eea6";"1"
"numberOfWriteEndpointsProvidedByAService";"Number of Write Endpoints provided by a service";"teastore-private-nlb-rds-three-lowreplication-model";"Registry";"component";"17f6b323-2673-4111-8754-45d17df0eea6";"2"
"ratioOfStateDependencyOfEndpoints";"Ratio of state dependency of endpoints";"teastore-private-nlb-rds-three-lowreplication-model";"Registry";"component";"17f6b323-2673-4111-8754-45d17df0eea6";"0"
"numberOfAsynchronousEndpointsOfferedByAService";"Number of asynchronous endpoints offered by a service";"teastore-private-nlb-rds-three-lowreplication-model";"Registry";"component";"17f6b323-2673-4111-8754-45d17df0eea6";"0"
"numberOfSynchronousOutgoingLinks";"Number of synchronous outgoing links";"teastore-private-nlb-rds-three-lowreplication-model";"Registry";"component";"17f6b323-2673-4111-8754-45d17df0eea6";"0"
"numberOfAsynchronousOutgoingLinks";"Number of asynchronous outgoing links";"teastore-private-nlb-rds-three-lowreplication-model";"Registry";"component";"17f6b323-2673-4111-8754-45d17df0eea6";"0"
"ratioOfAsynchronousOutgoingLinks";"Ratio of asynchronous outgoing links";"teastore-private-nlb-rds-three-lowreplication-model";"Registry";"component";"17f6b323-2673-4111-8754-45d17df0eea6";"0"
"numberOfLinksPerComponent";"Number of Links per Component ";"teastore-private-nlb-rds-three-lowreplication-model";"Registry";"component";"17f6b323-2673-4111-8754-45d17df0eea6";"7"
"numberOfConsumedEndpoints";"Number of Consumed Endpoints";"teastore-private-nlb-rds-three-lowreplication-model";"Registry";"component";"17f6b323-2673-4111-8754-45d17df0eea6";"0"
"incomingOutgoingRatioOfAComponent";"Incoming outgoing ratio of a component";"teastore-private-nlb-rds-three-lowreplication-model";"Registry";"component";"17f6b323-2673-4111-8754-45d17df0eea6";"0"
"ratioOfOutgoingLinksOfAService";"Ratio of outgoing links of a service";"teastore-private-nlb-rds-three-lowreplication-model";"Registry";"component";"17f6b323-2673-4111-8754-45d17df0eea6";"0"
"serviceCouplingBasedOnEndpointEntropy";"Service Coupling based on Endpoint Entropy";"teastore-private-nlb-rds-three-lowreplication-model";"Registry";"component";"17f6b323-2673-4111-8754-45d17df0eea6";"0.5017166594399687"
"combinedMetricForIndirectDependency";"Combined metric for indirect dependency";"teastore-private-nlb-rds-three-lowreplication-model";"Registry";"component";"17f6b323-2673-4111-8754-45d17df0eea6";"0"
"indirectInteractionDensity";"Indirect Interaction density of a system";"teastore-private-nlb-rds-three-lowreplication-model";"Registry";"component";"17f6b323-2673-4111-8754-45d17df0eea6";"0"
"averageNumberOfDirectlyConnectedServices";"Average Number of Directly Connected Services";"teastore-private-nlb-rds-three-lowreplication-model";"Registry";"component";"17f6b323-2673-4111-8754-45d17df0eea6";"0.5"
"numberOfComponentsThatAreLinkedToAComponent";"Number of Components that are linked to a component";"teastore-private-nlb-rds-three-lowreplication-model";"Registry";"component";"17f6b323-2673-4111-8754-45d17df0eea6";"4"
"numberOfComponentsAComponentIsLinkedTo";"Number of Components a component is linked to";"teastore-private-nlb-rds-three-lowreplication-model";"Registry";"component";"17f6b323-2673-4111-8754-45d17df0eea6";"0"
"numberOfComponentsAComponentIsLinkedToRelativeToTheTotalAmountOfComponents";"Number of Components a component is linked to relative to the total amount of components";"teastore-private-nlb-rds-three-lowreplication-model";"Registry";"component";"17f6b323-2673-4111-8754-45d17df0eea6";"0"
"cyclicCommunication";"Cyclic Communication";"teastore-private-nlb-rds-three-lowreplication-model";"Registry";"component";"17f6b323-2673-4111-8754-45d17df0eea6";"0"
"relativeImportanceOfTheService";"Relative Importance of the Service";"teastore-private-nlb-rds-three-lowreplication-model";"Registry";"component";"17f6b323-2673-4111-8754-45d17df0eea6";"0.5"
"serviceCriticality";"Service Criticality";"teastore-private-nlb-rds-three-lowreplication-model";"Registry";"component";"17f6b323-2673-4111-8754-45d17df0eea6";"0"
"degreeOfStorageBackendSharing";"Degree of Storage Backend Sharing";"teastore-private-nlb-rds-three-lowreplication-model";"Registry";"component";"17f6b323-2673-4111-8754-45d17df0eea6";"0"
"ratioOfStorageBackendSharing";"Ratio of Storage Backend Sharing";"teastore-private-nlb-rds-three-lowreplication-model";"Registry";"component";"17f6b323-2673-4111-8754-45d17df0eea6";"0"
"amountOfRedundancy";"Amount of redundancy";"teastore-private-nlb-rds-three-lowreplication-model";"Registry";"component";"17f6b323-2673-4111-8754-45d17df0eea6";"1"
"serviceReplicationLevel";"Service Replication level";"teastore-private-nlb-rds-three-lowreplication-model";"Registry";"component";"17f6b323-2673-4111-8754-45d17df0eea6";"1"
"storageReplicationLevel";"Storage Replication level";"teastore-private-nlb-rds-three-lowreplication-model";"Registry";"component";"17f6b323-2673-4111-8754-45d17df0eea6";"n/a"
"numberOfLinksWithRetryLogic";"Number of Links with retry logic";"teastore-private-nlb-rds-three-lowreplication-model";"Registry";"component";"17f6b323-2673-4111-8754-45d17df0eea6";"0"
"numberOfLinksWithComplexFailover";"Number of Links with Complex Failover";"teastore-private-nlb-rds-three-lowreplication-model";"Registry";"component";"17f6b323-2673-4111-8754-45d17df0eea6";"0"
"serviceMeshUsage";"Service Mesh Usage";"teastore-private-nlb-rds-three-lowreplication-model";"Registry";"component";"17f6b323-2673-4111-8754-45d17df0eea6";"0"
"totalServiceInterfaceCohesion";"Total Service Interface Cohesion";"teastore-private-nlb-rds-three-lowreplication-model";"Registry";"component";"17f6b323-2673-4111-8754-45d17df0eea6";"0.2916666666666667"
"serviceSize";"Size of a service";"teastore-private-nlb-rds-three-lowreplication-model";"Registry";"component";"17f6b323-2673-4111-8754-45d17df0eea6";"4"
"ratioOfEndpointsSupportingSsl";"Ratio of endpoints that support SSL";"teastore-private-nlb-rds-three-lowreplication-model";"Persistence";"component";"85cad6c7-0d2c-4670-9b15-460d5ac450e7";"0"
"ratioOfExternalEndpointsSupportingTls";"Ratio of external endpoints that support TLS";"teastore-private-nlb-rds-three-lowreplication-model";"Persistence";"component";"85cad6c7-0d2c-4670-9b15-460d5ac450e7";"0"
"serviceInterfaceDataCohesion";"Service Interface Data Cohesion";"teastore-private-nlb-rds-three-lowreplication-model";"Persistence";"component";"85cad6c7-0d2c-4670-9b15-460d5ac450e7";"2.75"
"cohesionBetweenEndpointsBasedOnDataAggregateUsage";"Cohesion between Endpoints based on data aggregate usage";"teastore-private-nlb-rds-three-lowreplication-model";"Persistence";"component";"85cad6c7-0d2c-4670-9b15-460d5ac450e7";"0.13675213675213674"
"resourceCount";"Data Aggregate Count";"teastore-private-nlb-rds-three-lowreplication-model";"Persistence";"component";"85cad6c7-0d2c-4670-9b15-460d5ac450e7";"4"
"numberOfProvidedSynchronousAndAsynchronousEndpoints";"Number of provided synchronous and asynchronous endpoints";"teastore-private-nlb-rds-three-lowreplication-model";"Persistence";"component";"85cad6c7-0d2c-4670-9b15-460d5ac450e7";"13"
"numberOfSynchronousEndpointsOfferedByAService";"Number of synchronous endpoints offered by a service";"teastore-private-nlb-rds-three-lowreplication-model";"Persistence";"component";"85cad6c7-0d2c-4670-9b15-460d5ac450e7";"13"
"serviceInterfaceUsageCohesion";"Service Interface Usage Cohesion";"teastore-private-nlb-rds-three-lowreplication-model";"Persistence";"component";"85cad6c7-0d2c-4670-9b15-460d5ac450e7";"0.25"
"unusedEndpointCount";"Unused Endpoint Count";"teastore-private-nlb-rds-three-lowreplication-model";"Persistence";"component";"85cad6c7-0d2c-4670-9b15-460d5ac450e7";"4"
"numberOfReadEndpointsProvidedByAService";"Number of Read Endpoints provided by a service";"teastore-private-nlb-rds-three-lowreplication-model";"Persistence";"component";"85cad6c7-0d2c-4670-9b15-460d5ac450e7";"10"
"numberOfWriteEndpointsProvidedByAService";"Number of Write Endpoints provided by a service";"teastore-private-nlb-rds-three-lowreplication-model";"Persistence";"component";"85cad6c7-0d2c-4670-9b15-460d5ac450e7";"3"
"ratioOfStateDependencyOfEndpoints";"Ratio of state dependency of endpoints";"teastore-private-nlb-rds-three-lowreplication-model";"Persistence";"component";"85cad6c7-0d2c-4670-9b15-460d5ac450e7";"0.8461538461538461"
"numberOfAsynchronousEndpointsOfferedByAService";"Number of asynchronous endpoints offered by a service";"teastore-private-nlb-rds-three-lowreplication-model";"Persistence";"component";"85cad6c7-0d2c-4670-9b15-460d5ac450e7";"0"
"numberOfSynchronousOutgoingLinks";"Number of synchronous outgoing links";"teastore-private-nlb-rds-three-lowreplication-model";"Persistence";"component";"85cad6c7-0d2c-4670-9b15-460d5ac450e7";"3"
"numberOfAsynchronousOutgoingLinks";"Number of asynchronous outgoing links";"teastore-private-nlb-rds-three-lowreplication-model";"Persistence";"component";"85cad6c7-0d2c-4670-9b15-460d5ac450e7";"0"
"ratioOfAsynchronousOutgoingLinks";"Ratio of asynchronous outgoing links";"teastore-private-nlb-rds-three-lowreplication-model";"Persistence";"component";"85cad6c7-0d2c-4670-9b15-460d5ac450e7";"0"
"numberOfLinksPerComponent";"Number of Links per Component ";"teastore-private-nlb-rds-three-lowreplication-model";"Persistence";"component";"85cad6c7-0d2c-4670-9b15-460d5ac450e7";"16"
"numberOfConsumedEndpoints";"Number of Consumed Endpoints";"teastore-private-nlb-rds-three-lowreplication-model";"Persistence";"component";"85cad6c7-0d2c-4670-9b15-460d5ac450e7";"3"
"incomingOutgoingRatioOfAComponent";"Incoming outgoing ratio of a component";"teastore-private-nlb-rds-three-lowreplication-model";"Persistence";"component";"85cad6c7-0d2c-4670-9b15-460d5ac450e7";"0.23076923076923078"
"ratioOfOutgoingLinksOfAService";"Ratio of outgoing links of a service";"teastore-private-nlb-rds-three-lowreplication-model";"Persistence";"component";"85cad6c7-0d2c-4670-9b15-460d5ac450e7";"18.75"
"serviceCouplingBasedOnEndpointEntropy";"Service Coupling based on Endpoint Entropy";"teastore-private-nlb-rds-three-lowreplication-model";"Persistence";"component";"85cad6c7-0d2c-4670-9b15-460d5ac450e7";"0.2586524980577827"
"combinedMetricForIndirectDependency";"Combined metric for indirect dependency";"teastore-private-nlb-rds-three-lowreplication-model";"Persistence";"component";"85cad6c7-0d2c-4670-9b15-460d5ac450e7";"0"
"indirectInteractionDensity";"Indirect Interaction density of a system";"teastore-private-nlb-rds-three-lowreplication-model";"Persistence";"component";"85cad6c7-0d2c-4670-9b15-460d5ac450e7";"0"
"averageNumberOfDirectlyConnectedServices";"Average Number of Directly Connected Services";"teastore-private-nlb-rds-three-lowreplication-model";"Persistence";"component";"85cad6c7-0d2c-4670-9b15-460d5ac450e7";"0.75"
"numberOfComponentsThatAreLinkedToAComponent";"Number of Components that are linked to a component";"teastore-private-nlb-rds-three-lowreplication-model";"Persistence";"component";"85cad6c7-0d2c-4670-9b15-460d5ac450e7";"4"
"numberOfComponentsAComponentIsLinkedTo";"Number of Components a component is linked to";"teastore-private-nlb-rds-three-lowreplication-model";"Persistence";"component";"85cad6c7-0d2c-4670-9b15-460d5ac450e7";"2"
"numberOfComponentsAComponentIsLinkedToRelativeToTheTotalAmountOfComponents";"Number of Components a component is linked to relative to the total amount of components";"teastore-private-nlb-rds-three-lowreplication-model";"Persistence";"component";"85cad6c7-0d2c-4670-9b15-460d5ac450e7";"0.25"
"cyclicCommunication";"Cyclic Communication";"teastore-private-nlb-rds-three-lowreplication-model";"Persistence";"component";"85cad6c7-0d2c-4670-9b15-460d5ac450e7";"0"
"relativeImportanceOfTheService";"Relative Importance of the Service";"teastore-private-nlb-rds-three-lowreplication-model";"Persistence";"component";"85cad6c7-0d2c-4670-9b15-460d5ac450e7";"0.5"
"serviceCriticality";"Service Criticality";"teastore-private-nlb-rds-three-lowreplication-model";"Persistence";"component";"85cad6c7-0d2c-4670-9b15-460d5ac450e7";"8"
"degreeOfStorageBackendSharing";"Degree of Storage Backend Sharing";"teastore-private-nlb-rds-three-lowreplication-model";"Persistence";"component";"85cad6c7-0d2c-4670-9b15-460d5ac450e7";"0"
"ratioOfStorageBackendSharing";"Ratio of Storage Backend Sharing";"teastore-private-nlb-rds-three-lowreplication-model";"Persistence";"component";"85cad6c7-0d2c-4670-9b15-460d5ac450e7";"0"
"amountOfRedundancy";"Amount of redundancy";"teastore-private-nlb-rds-three-lowreplication-model";"Persistence";"component";"85cad6c7-0d2c-4670-9b15-460d5ac450e7";"1"
"serviceReplicationLevel";"Service Replication level";"teastore-private-nlb-rds-three-lowreplication-model";"Persistence";"component";"85cad6c7-0d2c-4670-9b15-460d5ac450e7";"2"
"storageReplicationLevel";"Storage Replication level";"teastore-private-nlb-rds-three-lowreplication-model";"Persistence";"component";"85cad6c7-0d2c-4670-9b15-460d5ac450e7";"n/a"
"numberOfLinksWithRetryLogic";"Number of Links with retry logic";"teastore-private-nlb-rds-three-lowreplication-model";"Persistence";"component";"85cad6c7-0d2c-4670-9b15-460d5ac450e7";"0"
"numberOfLinksWithComplexFailover";"Number of Links with Complex Failover";"teastore-private-nlb-rds-three-lowreplication-model";"Persistence";"component";"85cad6c7-0d2c-4670-9b15-460d5ac450e7";"0"
"serviceMeshUsage";"Service Mesh Usage";"teastore-private-nlb-rds-three-lowreplication-model";"Persistence";"component";"85cad6c7-0d2c-4670-9b15-460d5ac450e7";"0"
"totalServiceInterfaceCohesion";"Total Service Interface Cohesion";"teastore-private-nlb-rds-three-lowreplication-model";"Persistence";"component";"85cad6c7-0d2c-4670-9b15-460d5ac450e7";"1.5"
"serviceSize";"Size of a service";"teastore-private-nlb-rds-three-lowreplication-model";"Persistence";"component";"85cad6c7-0d2c-4670-9b15-460d5ac450e7";"8"
"numberOfAvailabilityZonesUsed";"Number of Availability Zones used";"teastore-private-nlb-rds-three-lowreplication-model";"AWS Load Balancing";"infrastructure";"595d6162-325b-4997-9b84-a3c665b959a9";"3"
"rollingUpdateOption";"Rolling Update Option";"teastore-private-nlb-rds-three-lowreplication-model";"AWS Load Balancing";"infrastructure";"595d6162-325b-4997-9b84-a3c665b959a9";"0"
"numberOfServiceHostedOnOneInfrastructure";"Number of Services hosted on one infrastructure entity";"teastore-private-nlb-rds-three-lowreplication-model";"AWS Load Balancing";"infrastructure";"595d6162-325b-4997-9b84-a3c665b959a9";"1"
"numberOfAvailabilityZonesUsed";"Number of Availability Zones used";"teastore-private-nlb-rds-three-lowreplication-model";"AWS EKS Cluster";"infrastructure";"aab1463d-961f-4850-9b0c-8e7d2d67ca17";"3"
"rollingUpdateOption";"Rolling Update Option";"teastore-private-nlb-rds-three-lowreplication-model";"AWS EKS Cluster";"infrastructure";"aab1463d-961f-4850-9b0c-8e7d2d67ca17";"1"
"numberOfServiceHostedOnOneInfrastructure";"Number of Services hosted on one infrastructure entity";"teastore-private-nlb-rds-three-lowreplication-model";"AWS EKS Cluster";"infrastructure";"aab1463d-961f-4850-9b0c-8e7d2d67ca17";"6"
"numberOfAvailabilityZonesUsed";"Number of Availability Zones used";"teastore-private-nlb-rds-three-lowreplication-model";"Managed EC2 Node Group";"infrastructure";"3998dd96-2575-471a-bbca-5fdd2b68c297";"3"
"rollingUpdateOption";"Rolling Update Option";"teastore-private-nlb-rds-three-lowreplication-model";"Managed EC2 Node Group";"infrastructure";"3998dd96-2575-471a-bbca-5fdd2b68c297";"1"
"numberOfServiceHostedOnOneInfrastructure";"Number of Services hosted on one infrastructure entity";"teastore-private-nlb-rds-three-lowreplication-model";"Managed EC2 Node Group";"infrastructure";"3998dd96-2575-471a-bbca-5fdd2b68c297";"0"
"numberOfAvailabilityZonesUsed";"Number of Availability Zones used";"teastore-private-nlb-rds-three-lowreplication-model";"AWS RDS";"infrastructure";"1d13aa9d-9870-4b5b-a165-ab182b805829";"3"
"rollingUpdateOption";"Rolling Update Option";"teastore-private-nlb-rds-three-lowreplication-model";"AWS RDS";"infrastructure";"1d13aa9d-9870-4b5b-a165-ab182b805829";"0"
"numberOfServiceHostedOnOneInfrastructure";"Number of Services hosted on one infrastructure entity";"teastore-private-nlb-rds-three-lowreplication-model";"AWS RDS";"infrastructure";"1d13aa9d-9870-4b5b-a165-ab182b805829";"1"
"ratioOfEndpointsSupportingSsl";"Ratio of endpoints that support SSL";"teastore-private-nlb-rds-three-lowreplication-model";"Index Page";"requestTrace";"e84d4ec4-829a-4878-94b7-a81d7314669e";"0"
"ratioOfSecuredLinks";"Ratio of secured links";"teastore-private-nlb-rds-three-lowreplication-model";"Index Page";"requestTrace";"e84d4ec4-829a-4878-94b7-a81d7314669e";"0"
"ratioOfStateDependencyOfEndpoints";"Ratio of state dependency of endpoints";"teastore-private-nlb-rds-three-lowreplication-model";"Index Page";"requestTrace";"e84d4ec4-829a-4878-94b7-a81d7314669e";"1"
"ratioOfStatefulComponents";"Ratio of stateful components";"teastore-private-nlb-rds-three-lowreplication-model";"Index Page";"requestTrace";"e84d4ec4-829a-4878-94b7-a81d7314669e";"0.16666666666666666"
"ratioOfStatelessComponents";"Ratio of stateless components";"teastore-private-nlb-rds-three-lowreplication-model";"Index Page";"requestTrace";"e84d4ec4-829a-4878-94b7-a81d7314669e";"0.8333333333333334"
"asynchronousCommunicationUtilization";"Asynchronous Communication Utilization";"teastore-private-nlb-rds-three-lowreplication-model";"Index Page";"requestTrace";"e84d4ec4-829a-4878-94b7-a81d7314669e";"0"
"eventSourcingUtilizationMetric";"Event Sourcing utilization metric";"teastore-private-nlb-rds-three-lowreplication-model";"Index Page";"requestTrace";"e84d4ec4-829a-4878-94b7-a81d7314669e";"0"
"distributedTracingSupport";"Distributed Tracing Support";"teastore-private-nlb-rds-three-lowreplication-model";"Index Page";"requestTrace";"e84d4ec4-829a-4878-94b7-a81d7314669e";"0"
"ratioOfServicesThatProvideHealthEndpoints";"Ratio of Services that provide Health endpoints";"teastore-private-nlb-rds-three-lowreplication-model";"Index Page";"requestTrace";"e84d4ec4-829a-4878-94b7-a81d7314669e";"0"
"maximumNumberOfServicesWithinARequestTrace";"Maximum number of services within a request trace";"teastore-private-nlb-rds-three-lowreplication-model";"Index Page";"requestTrace";"e84d4ec4-829a-4878-94b7-a81d7314669e";"6"
"requestTraceComplexity";"Request Trace Length";"teastore-private-nlb-rds-three-lowreplication-model";"Index Page";"requestTrace";"e84d4ec4-829a-4878-94b7-a81d7314669e";"4"
"requestTraceLength";"Request Trace Length";"teastore-private-nlb-rds-three-lowreplication-model";"Index Page";"requestTrace";"e84d4ec4-829a-4878-94b7-a81d7314669e";"4"
"numberOfCyclesInRequestTraces";"Number of Cycles in Request Traces";"teastore-private-nlb-rds-three-lowreplication-model";"Index Page";"requestTrace";"e84d4ec4-829a-4878-94b7-a81d7314669e";"0"
"databaseTypeUtilization";"Database Type Utilization";"teastore-private-nlb-rds-three-lowreplication-model";"Index Page";"requestTrace";"e84d4ec4-829a-4878-94b7-a81d7314669e";"1"
"serviceDiscoveryUsage";"Service Discovery Usage";"teastore-private-nlb-rds-three-lowreplication-model";"Index Page";"requestTrace";"e84d4ec4-829a-4878-94b7-a81d7314669e";"1"
"amountOfRedundancy";"Amount of redundancy";"teastore-private-nlb-rds-three-lowreplication-model";"Index Page";"requestTrace";"e84d4ec4-829a-4878-94b7-a81d7314669e";"1"
"serviceReplicationLevel";"Service Replication level";"teastore-private-nlb-rds-three-lowreplication-model";"Index Page";"requestTrace";"e84d4ec4-829a-4878-94b7-a81d7314669e";"2"
"medianServiceReplication";"Median Service Replication level";"teastore-private-nlb-rds-three-lowreplication-model";"Index Page";"requestTrace";"e84d4ec4-829a-4878-94b7-a81d7314669e";"2"
"smallestReplicationValue";"Smallelst Service Replication Value";"teastore-private-nlb-rds-three-lowreplication-model";"Index Page";"requestTrace";"e84d4ec4-829a-4878-94b7-a81d7314669e";"2"
"storageReplicationLevel";"Storage Replication level";"teastore-private-nlb-rds-three-lowreplication-model";"Index Page";"requestTrace";"e84d4ec4-829a-4878-94b7-a81d7314669e";"3"
"dataReplicationAlongRequestTrace";"Data Replication Along Request Trace";"teastore-private-nlb-rds-three-lowreplication-model";"Index Page";"requestTrace";"e84d4ec4-829a-4878-94b7-a81d7314669e";"0.7333333333333333"
"dataShardingLevel";"Level of sharding across storage backing services";"teastore-private-nlb-rds-three-lowreplication-model";"Index Page";"requestTrace";"e84d4ec4-829a-4878-94b7-a81d7314669e";"1"
"numberOfAvailabilityZonesUsed";"Number of Availability Zones used";"teastore-private-nlb-rds-three-lowreplication-model";"Index Page";"requestTrace";"e84d4ec4-829a-4878-94b7-a81d7314669e";"3"
"numberOfLinksWithRetryLogic";"Number of Links with retry logic";"teastore-private-nlb-rds-three-lowreplication-model";"Index Page";"requestTrace";"e84d4ec4-829a-4878-94b7-a81d7314669e";"0"
"numberOfLinksWithComplexFailover";"Number of Links with Complex Failover";"teastore-private-nlb-rds-three-lowreplication-model";"Index Page";"requestTrace";"e84d4ec4-829a-4878-94b7-a81d7314669e";"0"
"serviceMeshUsage";"Service Mesh Usage";"teastore-private-nlb-rds-three-lowreplication-model";"Index Page";"requestTrace";"e84d4ec4-829a-4878-94b7-a81d7314669e";"0"
"ratioOfInfrastructureNodesThatSupportMonitoring";"Ratio of Infrastructure nodes that support Monitoring";"teastore-private-nlb-rds-three-lowreplication-model";"Index Page";"requestTrace";"e84d4ec4-829a-4878-94b7-a81d7314669e";"0"
"ratioOfComponentsThatSupportMonitoring";"Ratio of Components that support Monitoring";"teastore-private-nlb-rds-three-lowreplication-model";"Index Page";"requestTrace";"e84d4ec4-829a-4878-94b7-a81d7314669e";"0"
"ratioOfEndpointsSupportingSsl";"Ratio of endpoints that support SSL";"teastore-private-nlb-rds-three-lowreplication-model";"User Login";"requestTrace";"d07cbbed-0dee-4d3c-a9d1-cd06104c3736";"0"
"ratioOfSecuredLinks";"Ratio of secured links";"teastore-private-nlb-rds-three-lowreplication-model";"User Login";"requestTrace";"d07cbbed-0dee-4d3c-a9d1-cd06104c3736";"0"
"ratioOfStateDependencyOfEndpoints";"Ratio of state dependency of endpoints";"teastore-private-nlb-rds-three-lowreplication-model";"User Login";"requestTrace";"d07cbbed-0dee-4d3c-a9d1-cd06104c3736";"1"
"ratioOfStatefulComponents";"Ratio of stateful components";"teastore-private-nlb-rds-three-lowreplication-model";"User Login";"requestTrace";"d07cbbed-0dee-4d3c-a9d1-cd06104c3736";"0.16666666666666666"
"ratioOfStatelessComponents";"Ratio of stateless components";"teastore-private-nlb-rds-three-lowreplication-model";"User Login";"requestTrace";"d07cbbed-0dee-4d3c-a9d1-cd06104c3736";"0.8333333333333334"
"asynchronousCommunicationUtilization";"Asynchronous Communication Utilization";"teastore-private-nlb-rds-three-lowreplication-model";"User Login";"requestTrace";"d07cbbed-0dee-4d3c-a9d1-cd06104c3736";"0"
"eventSourcingUtilizationMetric";"Event Sourcing utilization metric";"teastore-private-nlb-rds-three-lowreplication-model";"User Login";"requestTrace";"d07cbbed-0dee-4d3c-a9d1-cd06104c3736";"0"
"distributedTracingSupport";"Distributed Tracing Support";"teastore-private-nlb-rds-three-lowreplication-model";"User Login";"requestTrace";"d07cbbed-0dee-4d3c-a9d1-cd06104c3736";"0"
"ratioOfServicesThatProvideHealthEndpoints";"Ratio of Services that provide Health endpoints";"teastore-private-nlb-rds-three-lowreplication-model";"User Login";"requestTrace";"d07cbbed-0dee-4d3c-a9d1-cd06104c3736";"0"
"maximumNumberOfServicesWithinARequestTrace";"Maximum number of services within a request trace";"teastore-private-nlb-rds-three-lowreplication-model";"User Login";"requestTrace";"d07cbbed-0dee-4d3c-a9d1-cd06104c3736";"6"
"requestTraceComplexity";"Request Trace Length";"teastore-private-nlb-rds-three-lowreplication-model";"User Login";"requestTrace";"d07cbbed-0dee-4d3c-a9d1-cd06104c3736";"3"
"requestTraceLength";"Request Trace Length";"teastore-private-nlb-rds-three-lowreplication-model";"User Login";"requestTrace";"d07cbbed-0dee-4d3c-a9d1-cd06104c3736";"3"
"numberOfCyclesInRequestTraces";"Number of Cycles in Request Traces";"teastore-private-nlb-rds-three-lowreplication-model";"User Login";"requestTrace";"d07cbbed-0dee-4d3c-a9d1-cd06104c3736";"0"
"databaseTypeUtilization";"Database Type Utilization";"teastore-private-nlb-rds-three-lowreplication-model";"User Login";"requestTrace";"d07cbbed-0dee-4d3c-a9d1-cd06104c3736";"1"
"serviceDiscoveryUsage";"Service Discovery Usage";"teastore-private-nlb-rds-three-lowreplication-model";"User Login";"requestTrace";"d07cbbed-0dee-4d3c-a9d1-cd06104c3736";"1"
"amountOfRedundancy";"Amount of redundancy";"teastore-private-nlb-rds-three-lowreplication-model";"User Login";"requestTrace";"d07cbbed-0dee-4d3c-a9d1-cd06104c3736";"1"
"serviceReplicationLevel";"Service Replication level";"teastore-private-nlb-rds-three-lowreplication-model";"User Login";"requestTrace";"d07cbbed-0dee-4d3c-a9d1-cd06104c3736";"2"
"medianServiceReplication";"Median Service Replication level";"teastore-private-nlb-rds-three-lowreplication-model";"User Login";"requestTrace";"d07cbbed-0dee-4d3c-a9d1-cd06104c3736";"2"
"smallestReplicationValue";"Smallelst Service Replication Value";"teastore-private-nlb-rds-three-lowreplication-model";"User Login";"requestTrace";"d07cbbed-0dee-4d3c-a9d1-cd06104c3736";"2"
"storageReplicationLevel";"Storage Replication level";"teastore-private-nlb-rds-three-lowreplication-model";"User Login";"requestTrace";"d07cbbed-0dee-4d3c-a9d1-cd06104c3736";"3"
"dataReplicationAlongRequestTrace";"Data Replication Along Request Trace";"teastore-private-nlb-rds-three-lowreplication-model";"User Login";"requestTrace";"d07cbbed-0dee-4d3c-a9d1-cd06104c3736";"0.875"
"dataShardingLevel";"Level of sharding across storage backing services";"teastore-private-nlb-rds-three-lowreplication-model";"User Login";"requestTrace";"d07cbbed-0dee-4d3c-a9d1-cd06104c3736";"1"
"numberOfAvailabilityZonesUsed";"Number of Availability Zones used";"teastore-private-nlb-rds-three-lowreplication-model";"User Login";"requestTrace";"d07cbbed-0dee-4d3c-a9d1-cd06104c3736";"3"
"numberOfLinksWithRetryLogic";"Number of Links with retry logic";"teastore-private-nlb-rds-three-lowreplication-model";"User Login";"requestTrace";"d07cbbed-0dee-4d3c-a9d1-cd06104c3736";"0"
"numberOfLinksWithComplexFailover";"Number of Links with Complex Failover";"teastore-private-nlb-rds-three-lowreplication-model";"User Login";"requestTrace";"d07cbbed-0dee-4d3c-a9d1-cd06104c3736";"0"
"serviceMeshUsage";"Service Mesh Usage";"teastore-private-nlb-rds-three-lowreplication-model";"User Login";"requestTrace";"d07cbbed-0dee-4d3c-a9d1-cd06104c3736";"0"
"ratioOfInfrastructureNodesThatSupportMonitoring";"Ratio of Infrastructure nodes that support Monitoring";"teastore-private-nlb-rds-three-lowreplication-model";"User Login";"requestTrace";"d07cbbed-0dee-4d3c-a9d1-cd06104c3736";"0"
"ratioOfComponentsThatSupportMonitoring";"Ratio of Components that support Monitoring";"teastore-private-nlb-rds-three-lowreplication-model";"User Login";"requestTrace";"d07cbbed-0dee-4d3c-a9d1-cd06104c3736";"0"
"ratioOfEndpointsSupportingSsl";"Ratio of endpoints that support SSL";"teastore-private-nlb-rds-three-lowreplication-model";"Order Page";"requestTrace";"72cd7386-6cfd-43d2-887f-93f66268c4bd";"0"
"ratioOfSecuredLinks";"Ratio of secured links";"teastore-private-nlb-rds-three-lowreplication-model";"Order Page";"requestTrace";"72cd7386-6cfd-43d2-887f-93f66268c4bd";"0"
"ratioOfStateDependencyOfEndpoints";"Ratio of state dependency of endpoints";"teastore-private-nlb-rds-three-lowreplication-model";"Order Page";"requestTrace";"72cd7386-6cfd-43d2-887f-93f66268c4bd";"1"
"ratioOfStatefulComponents";"Ratio of stateful components";"teastore-private-nlb-rds-three-lowreplication-model";"Order Page";"requestTrace";"72cd7386-6cfd-43d2-887f-93f66268c4bd";"0.16666666666666666"
"ratioOfStatelessComponents";"Ratio of stateless components";"teastore-private-nlb-rds-three-lowreplication-model";"Order Page";"requestTrace";"72cd7386-6cfd-43d2-887f-93f66268c4bd";"0.8333333333333334"
"asynchronousCommunicationUtilization";"Asynchronous Communication Utilization";"teastore-private-nlb-rds-three-lowreplication-model";"Order Page";"requestTrace";"72cd7386-6cfd-43d2-887f-93f66268c4bd";"0"
"eventSourcingUtilizationMetric";"Event Sourcing utilization metric";"teastore-private-nlb-rds-three-lowreplication-model";"Order Page";"requestTrace";"72cd7386-6cfd-43d2-887f-93f66268c4bd";"0"
"distributedTracingSupport";"Distributed Tracing Support";"teastore-private-nlb-rds-three-lowreplication-model";"Order Page";"requestTrace";"72cd7386-6cfd-43d2-887f-93f66268c4bd";"0"
"ratioOfServicesThatProvideHealthEndpoints";"Ratio of Services that provide Health endpoints";"teastore-private-nlb-rds-three-lowreplication-model";"Order Page";"requestTrace";"72cd7386-6cfd-43d2-887f-93f66268c4bd";"0"
"maximumNumberOfServicesWithinARequestTrace";"Maximum number of services within a request trace";"teastore-private-nlb-rds-three-lowreplication-model";"Order Page";"requestTrace";"72cd7386-6cfd-43d2-887f-93f66268c4bd";"6"
"requestTraceComplexity";"Request Trace Length";"teastore-private-nlb-rds-three-lowreplication-model";"Order Page";"requestTrace";"72cd7386-6cfd-43d2-887f-93f66268c4bd";"4"
"requestTraceLength";"Request Trace Length";"teastore-private-nlb-rds-three-lowreplication-model";"Order Page";"requestTrace";"72cd7386-6cfd-43d2-887f-93f66268c4bd";"4"
"numberOfCyclesInRequestTraces";"Number of Cycles in Request Traces";"teastore-private-nlb-rds-three-lowreplication-model";"Order Page";"requestTrace";"72cd7386-6cfd-43d2-887f-93f66268c4bd";"0"
"databaseTypeUtilization";"Database Type Utilization";"teastore-private-nlb-rds-three-lowreplication-model";"Order Page";"requestTrace";"72cd7386-6cfd-43d2-887f-93f66268c4bd";"1"
"serviceDiscoveryUsage";"Service Discovery Usage";"teastore-private-nlb-rds-three-lowreplication-model";"Order Page";"requestTrace";"72cd7386-6cfd-43d2-887f-93f66268c4bd";"1"
"amountOfRedundancy";"Amount of redundancy";"teastore-private-nlb-rds-three-lowreplication-model";"Order Page";"requestTrace";"72cd7386-6cfd-43d2-887f-93f66268c4bd";"1"
"serviceReplicationLevel";"Service Replication level";"teastore-private-nlb-rds-three-lowreplication-model";"Order Page";"requestTrace";"72cd7386-6cfd-43d2-887f-93f66268c4bd";"2"
"medianServiceReplication";"Median Service Replication level";"teastore-private-nlb-rds-three-lowreplication-model";"Order Page";"requestTrace";"72cd7386-6cfd-43d2-887f-93f66268c4bd";"2"
"smallestReplicationValue";"Smallelst Service Replication Value";"teastore-private-nlb-rds-three-lowreplication-model";"Order Page";"requestTrace";"72cd7386-6cfd-43d2-887f-93f66268c4bd";"2"
"storageReplicationLevel";"Storage Replication level";"teastore-private-nlb-rds-three-lowreplication-model";"Order Page";"requestTrace";"72cd7386-6cfd-43d2-887f-93f66268c4bd";"3"
"dataReplicationAlongRequestTrace";"Data Replication Along Request Trace";"teastore-private-nlb-rds-three-lowreplication-model";"Order Page";"requestTrace";"72cd7386-6cfd-43d2-887f-93f66268c4bd";"0.6333333333333333"
"dataShardingLevel";"Level of sharding across storage backing services";"teastore-private-nlb-rds-three-lowreplication-model";"Order Page";"requestTrace";"72cd7386-6cfd-43d2-887f-93f66268c4bd";"1"
"numberOfAvailabilityZonesUsed";"Number of Availability Zones used";"teastore-private-nlb-rds-three-lowreplication-model";"Order Page";"requestTrace";"72cd7386-6cfd-43d2-887f-93f66268c4bd";"3"
"numberOfLinksWithRetryLogic";"Number of Links with retry logic";"teastore-private-nlb-rds-three-lowreplication-model";"Order Page";"requestTrace";"72cd7386-6cfd-43d2-887f-93f66268c4bd";"0"
"numberOfLinksWithComplexFailover";"Number of Links with Complex Failover";"teastore-private-nlb-rds-three-lowreplication-model";"Order Page";"requestTrace";"72cd7386-6cfd-43d2-887f-93f66268c4bd";"0"
"serviceMeshUsage";"Service Mesh Usage";"teastore-private-nlb-rds-three-lowreplication-model";"Order Page";"requestTrace";"72cd7386-6cfd-43d2-887f-93f66268c4bd";"0"
"ratioOfInfrastructureNodesThatSupportMonitoring";"Ratio of Infrastructure nodes that support Monitoring";"teastore-private-nlb-rds-three-lowreplication-model";"Order Page";"requestTrace";"72cd7386-6cfd-43d2-887f-93f66268c4bd";"0"
"ratioOfComponentsThatSupportMonitoring";"Ratio of Components that support Monitoring";"teastore-private-nlb-rds-three-lowreplication-model";"Order Page";"requestTrace";"72cd7386-6cfd-43d2-887f-93f66268c4bd";"0"
"ratioOfEndpointsSupportingSsl";"Ratio of endpoints that support SSL";"teastore-private-nlb-rds-three-lowreplication-model";"Product Page";"requestTrace";"c20cd7ec-112b-43f6-903a-b66881453b1f";"0"
"ratioOfSecuredLinks";"Ratio of secured links";"teastore-private-nlb-rds-three-lowreplication-model";"Product Page";"requestTrace";"c20cd7ec-112b-43f6-903a-b66881453b1f";"0"
"ratioOfStateDependencyOfEndpoints";"Ratio of state dependency of endpoints";"teastore-private-nlb-rds-three-lowreplication-model";"Product Page";"requestTrace";"c20cd7ec-112b-43f6-903a-b66881453b1f";"0.8571428571428571"
"ratioOfStatefulComponents";"Ratio of stateful components";"teastore-private-nlb-rds-three-lowreplication-model";"Product Page";"requestTrace";"c20cd7ec-112b-43f6-903a-b66881453b1f";"0.14285714285714285"
"ratioOfStatelessComponents";"Ratio of stateless components";"teastore-private-nlb-rds-three-lowreplication-model";"Product Page";"requestTrace";"c20cd7ec-112b-43f6-903a-b66881453b1f";"0.8571428571428571"
"asynchronousCommunicationUtilization";"Asynchronous Communication Utilization";"teastore-private-nlb-rds-three-lowreplication-model";"Product Page";"requestTrace";"c20cd7ec-112b-43f6-903a-b66881453b1f";"0"
"eventSourcingUtilizationMetric";"Event Sourcing utilization metric";"teastore-private-nlb-rds-three-lowreplication-model";"Product Page";"requestTrace";"c20cd7ec-112b-43f6-903a-b66881453b1f";"0"
"distributedTracingSupport";"Distributed Tracing Support";"teastore-private-nlb-rds-three-lowreplication-model";"Product Page";"requestTrace";"c20cd7ec-112b-43f6-903a-b66881453b1f";"0"
"ratioOfServicesThatProvideHealthEndpoints";"Ratio of Services that provide Health endpoints";"teastore-private-nlb-rds-three-lowreplication-model";"Product Page";"requestTrace";"c20cd7ec-112b-43f6-903a-b66881453b1f";"0"
"maximumNumberOfServicesWithinARequestTrace";"Maximum number of services within a request trace";"teastore-private-nlb-rds-three-lowreplication-model";"Product Page";"requestTrace";"c20cd7ec-112b-43f6-903a-b66881453b1f";"7"
"requestTraceComplexity";"Request Trace Length";"teastore-private-nlb-rds-three-lowreplication-model";"Product Page";"requestTrace";"c20cd7ec-112b-43f6-903a-b66881453b1f";"6"
"requestTraceLength";"Request Trace Length";"teastore-private-nlb-rds-three-lowreplication-model";"Product Page";"requestTrace";"c20cd7ec-112b-43f6-903a-b66881453b1f";"6"
"numberOfCyclesInRequestTraces";"Number of Cycles in Request Traces";"teastore-private-nlb-rds-three-lowreplication-model";"Product Page";"requestTrace";"c20cd7ec-112b-43f6-903a-b66881453b1f";"1"
"databaseTypeUtilization";"Database Type Utilization";"teastore-private-nlb-rds-three-lowreplication-model";"Product Page";"requestTrace";"c20cd7ec-112b-43f6-903a-b66881453b1f";"1"
"serviceDiscoveryUsage";"Service Discovery Usage";"teastore-private-nlb-rds-three-lowreplication-model";"Product Page";"requestTrace";"c20cd7ec-112b-43f6-903a-b66881453b1f";"1"
"amountOfRedundancy";"Amount of redundancy";"teastore-private-nlb-rds-three-lowreplication-model";"Product Page";"requestTrace";"c20cd7ec-112b-43f6-903a-b66881453b1f";"1"
"serviceReplicationLevel";"Service Replication level";"teastore-private-nlb-rds-three-lowreplication-model";"Product Page";"requestTrace";"c20cd7ec-112b-43f6-903a-b66881453b1f";"2"
"medianServiceReplication";"Median Service Replication level";"teastore-private-nlb-rds-three-lowreplication-model";"Product Page";"requestTrace";"c20cd7ec-112b-43f6-903a-b66881453b1f";"2"
"smallestReplicationValue";"Smallelst Service Replication Value";"teastore-private-nlb-rds-three-lowreplication-model";"Product Page";"requestTrace";"c20cd7ec-112b-43f6-903a-b66881453b1f";"2"
"storageReplicationLevel";"Storage Replication level";"teastore-private-nlb-rds-three-lowreplication-model";"Product Page";"requestTrace";"c20cd7ec-112b-43f6-903a-b66881453b1f";"3"
"dataReplicationAlongRequestTrace";"Data Replication Along Request Trace";"teastore-private-nlb-rds-three-lowreplication-model";"Product Page";"requestTrace";"c20cd7ec-112b-43f6-903a-b66881453b1f";"0.6666666666666666"
"dataShardingLevel";"Level of sharding across storage backing services";"teastore-private-nlb-rds-three-lowreplication-model";"Product Page";"requestTrace";"c20cd7ec-112b-43f6-903a-b66881453b1f";"1"
"numberOfAvailabilityZonesUsed";"Number of Availability Zones used";"teastore-private-nlb-rds-three-lowreplication-model";"Product Page";"requestTrace";"c20cd7ec-112b-43f6-903a-b66881453b1f";"3"
"numberOfLinksWithRetryLogic";"Number of Links with retry logic";"teastore-private-nlb-rds-three-lowreplication-model";"Product Page";"requestTrace";"c20cd7ec-112b-43f6-903a-b66881453b1f";"0"
"numberOfLinksWithComplexFailover";"Number of Links with Complex Failover";"teastore-private-nlb-rds-three-lowreplication-model";"Product Page";"requestTrace";"c20cd7ec-112b-43f6-903a-b66881453b1f";"0"
"serviceMeshUsage";"Service Mesh Usage";"teastore-private-nlb-rds-three-lowreplication-model";"Product Page";"requestTrace";"c20cd7ec-112b-43f6-903a-b66881453b1f";"0"
"ratioOfInfrastructureNodesThatSupportMonitoring";"Ratio of Infrastructure nodes that support Monitoring";"teastore-private-nlb-rds-three-lowreplication-model";"Product Page";"requestTrace";"c20cd7ec-112b-43f6-903a-b66881453b1f";"0"
"ratioOfComponentsThatSupportMonitoring";"Ratio of Components that support Monitoring";"teastore-private-nlb-rds-three-lowreplication-model";"Product Page";"requestTrace";"c20cd7ec-112b-43f6-903a-b66881453b1f";"0"
"ratioOfEndpointsSupportingSsl";"Ratio of endpoints that support SSL";"teastore-private-nlb-rds-three-lowreplication-model";"Show Cart";"requestTrace";"7f3da2f7-0095-497e-90c0-e833814453a0";"0"
"ratioOfSecuredLinks";"Ratio of secured links";"teastore-private-nlb-rds-three-lowreplication-model";"Show Cart";"requestTrace";"7f3da2f7-0095-497e-90c0-e833814453a0";"0"
"ratioOfStateDependencyOfEndpoints";"Ratio of state dependency of endpoints";"teastore-private-nlb-rds-three-lowreplication-model";"Show Cart";"requestTrace";"7f3da2f7-0095-497e-90c0-e833814453a0";"0.8888888888888888"
"ratioOfStatefulComponents";"Ratio of stateful components";"teastore-private-nlb-rds-three-lowreplication-model";"Show Cart";"requestTrace";"7f3da2f7-0095-497e-90c0-e833814453a0";"0.14285714285714285"
"ratioOfStatelessComponents";"Ratio of stateless components";"teastore-private-nlb-rds-three-lowreplication-model";"Show Cart";"requestTrace";"7f3da2f7-0095-497e-90c0-e833814453a0";"0.8571428571428571"
"asynchronousCommunicationUtilization";"Asynchronous Communication Utilization";"teastore-private-nlb-rds-three-lowreplication-model";"Show Cart";"requestTrace";"7f3da2f7-0095-497e-90c0-e833814453a0";"0"
"eventSourcingUtilizationMetric";"Event Sourcing utilization metric";"teastore-private-nlb-rds-three-lowreplication-model";"Show Cart";"requestTrace";"7f3da2f7-0095-497e-90c0-e833814453a0";"0"
"distributedTracingSupport";"Distributed Tracing Support";"teastore-private-nlb-rds-three-lowreplication-model";"Show Cart";"requestTrace";"7f3da2f7-0095-497e-90c0-e833814453a0";"0"
"ratioOfServicesThatProvideHealthEndpoints";"Ratio of Services that provide Health endpoints";"teastore-private-nlb-rds-three-lowreplication-model";"Show Cart";"requestTrace";"7f3da2f7-0095-497e-90c0-e833814453a0";"0"
"maximumNumberOfServicesWithinARequestTrace";"Maximum number of services within a request trace";"teastore-private-nlb-rds-three-lowreplication-model";"Show Cart";"requestTrace";"7f3da2f7-0095-497e-90c0-e833814453a0";"7"
"requestTraceComplexity";"Request Trace Length";"teastore-private-nlb-rds-three-lowreplication-model";"Show Cart";"requestTrace";"7f3da2f7-0095-497e-90c0-e833814453a0";"8"
"requestTraceLength";"Request Trace Length";"teastore-private-nlb-rds-three-lowreplication-model";"Show Cart";"requestTrace";"7f3da2f7-0095-497e-90c0-e833814453a0";"8"
"numberOfCyclesInRequestTraces";"Number of Cycles in Request Traces";"teastore-private-nlb-rds-three-lowreplication-model";"Show Cart";"requestTrace";"7f3da2f7-0095-497e-90c0-e833814453a0";"1"
"databaseTypeUtilization";"Database Type Utilization";"teastore-private-nlb-rds-three-lowreplication-model";"Show Cart";"requestTrace";"7f3da2f7-0095-497e-90c0-e833814453a0";"1"
"serviceDiscoveryUsage";"Service Discovery Usage";"teastore-private-nlb-rds-three-lowreplication-model";"Show Cart";"requestTrace";"7f3da2f7-0095-497e-90c0-e833814453a0";"1"
"amountOfRedundancy";"Amount of redundancy";"teastore-private-nlb-rds-three-lowreplication-model";"Show Cart";"requestTrace";"7f3da2f7-0095-497e-90c0-e833814453a0";"1"
"serviceReplicationLevel";"Service Replication level";"teastore-private-nlb-rds-three-lowreplication-model";"Show Cart";"requestTrace";"7f3da2f7-0095-497e-90c0-e833814453a0";"2"
"medianServiceReplication";"Median Service Replication level";"teastore-private-nlb-rds-three-lowreplication-model";"Show Cart";"requestTrace";"7f3da2f7-0095-497e-90c0-e833814453a0";"2"
"smallestReplicationValue";"Smallelst Service Replication Value";"teastore-private-nlb-rds-three-lowreplication-model";"Show Cart";"requestTrace";"7f3da2f7-0095-497e-90c0-e833814453a0";"2"
"storageReplicationLevel";"Storage Replication level";"teastore-private-nlb-rds-three-lowreplication-model";"Show Cart";"requestTrace";"7f3da2f7-0095-497e-90c0-e833814453a0";"3"
"dataReplicationAlongRequestTrace";"Data Replication Along Request Trace";"teastore-private-nlb-rds-three-lowreplication-model";"Show Cart";"requestTrace";"7f3da2f7-0095-497e-90c0-e833814453a0";"0.7"
"dataShardingLevel";"Level of sharding across storage backing services";"teastore-private-nlb-rds-three-lowreplication-model";"Show Cart";"requestTrace";"7f3da2f7-0095-497e-90c0-e833814453a0";"1"
"numberOfAvailabilityZonesUsed";"Number of Availability Zones used";"teastore-private-nlb-rds-three-lowreplication-model";"Show Cart";"requestTrace";"7f3da2f7-0095-497e-90c0-e833814453a0";"3"
"numberOfLinksWithRetryLogic";"Number of Links with retry logic";"teastore-private-nlb-rds-three-lowreplication-model";"Show Cart";"requestTrace";"7f3da2f7-0095-497e-90c0-e833814453a0";"0"
"numberOfLinksWithComplexFailover";"Number of Links with Complex Failover";"teastore-private-nlb-rds-three-lowreplication-model";"Show Cart";"requestTrace";"7f3da2f7-0095-497e-90c0-e833814453a0";"0"
"serviceMeshUsage";"Service Mesh Usage";"teastore-private-nlb-rds-three-lowreplication-model";"Show Cart";"requestTrace";"7f3da2f7-0095-497e-90c0-e833814453a0";"0"
"ratioOfInfrastructureNodesThatSupportMonitoring";"Ratio of Infrastructure nodes that support Monitoring";"teastore-private-nlb-rds-three-lowreplication-model";"Show Cart";"requestTrace";"7f3da2f7-0095-497e-90c0-e833814453a0";"0"
"ratioOfComponentsThatSupportMonitoring";"Ratio of Components that support Monitoring";"teastore-private-nlb-rds-three-lowreplication-model";"Show Cart";"requestTrace";"7f3da2f7-0095-497e-90c0-e833814453a0";"0"
"ratioOfEndpointsSupportingSsl";"Ratio of endpoints that support SSL";"teastore-private-nlb-rds-three-lowreplication-model";"Confirm Order A";"requestTrace";"b82cc4ee-2446-486d-9f8c-a8c15aa4909b";"0"
"ratioOfSecuredLinks";"Ratio of secured links";"teastore-private-nlb-rds-three-lowreplication-model";"Confirm Order A";"requestTrace";"b82cc4ee-2446-486d-9f8c-a8c15aa4909b";"0"
"ratioOfStateDependencyOfEndpoints";"Ratio of state dependency of endpoints";"teastore-private-nlb-rds-three-lowreplication-model";"Confirm Order A";"requestTrace";"b82cc4ee-2446-486d-9f8c-a8c15aa4909b";"1"
"ratioOfStatefulComponents";"Ratio of stateful components";"teastore-private-nlb-rds-three-lowreplication-model";"Confirm Order A";"requestTrace";"b82cc4ee-2446-486d-9f8c-a8c15aa4909b";"0.16666666666666666"
"ratioOfStatelessComponents";"Ratio of stateless components";"teastore-private-nlb-rds-three-lowreplication-model";"Confirm Order A";"requestTrace";"b82cc4ee-2446-486d-9f8c-a8c15aa4909b";"0.8333333333333334"
"asynchronousCommunicationUtilization";"Asynchronous Communication Utilization";"teastore-private-nlb-rds-three-lowreplication-model";"Confirm Order A";"requestTrace";"b82cc4ee-2446-486d-9f8c-a8c15aa4909b";"0"
"eventSourcingUtilizationMetric";"Event Sourcing utilization metric";"teastore-private-nlb-rds-three-lowreplication-model";"Confirm Order A";"requestTrace";"b82cc4ee-2446-486d-9f8c-a8c15aa4909b";"0"
"distributedTracingSupport";"Distributed Tracing Support";"teastore-private-nlb-rds-three-lowreplication-model";"Confirm Order A";"requestTrace";"b82cc4ee-2446-486d-9f8c-a8c15aa4909b";"0"
"ratioOfServicesThatProvideHealthEndpoints";"Ratio of Services that provide Health endpoints";"teastore-private-nlb-rds-three-lowreplication-model";"Confirm Order A";"requestTrace";"b82cc4ee-2446-486d-9f8c-a8c15aa4909b";"0"
"maximumNumberOfServicesWithinARequestTrace";"Maximum number of services within a request trace";"teastore-private-nlb-rds-three-lowreplication-model";"Confirm Order A";"requestTrace";"b82cc4ee-2446-486d-9f8c-a8c15aa4909b";"6"
"requestTraceComplexity";"Request Trace Length";"teastore-private-nlb-rds-three-lowreplication-model";"Confirm Order A";"requestTrace";"b82cc4ee-2446-486d-9f8c-a8c15aa4909b";"3"
"requestTraceLength";"Request Trace Length";"teastore-private-nlb-rds-three-lowreplication-model";"Confirm Order A";"requestTrace";"b82cc4ee-2446-486d-9f8c-a8c15aa4909b";"3"
"numberOfCyclesInRequestTraces";"Number of Cycles in Request Traces";"teastore-private-nlb-rds-three-lowreplication-model";"Confirm Order A";"requestTrace";"b82cc4ee-2446-486d-9f8c-a8c15aa4909b";"0"
"databaseTypeUtilization";"Database Type Utilization";"teastore-private-nlb-rds-three-lowreplication-model";"Confirm Order A";"requestTrace";"b82cc4ee-2446-486d-9f8c-a8c15aa4909b";"1"
"serviceDiscoveryUsage";"Service Discovery Usage";"teastore-private-nlb-rds-three-lowreplication-model";"Confirm Order A";"requestTrace";"b82cc4ee-2446-486d-9f8c-a8c15aa4909b";"1"
"amountOfRedundancy";"Amount of redundancy";"teastore-private-nlb-rds-three-lowreplication-model";"Confirm Order A";"requestTrace";"b82cc4ee-2446-486d-9f8c-a8c15aa4909b";"1"
"serviceReplicationLevel";"Service Replication level";"teastore-private-nlb-rds-three-lowreplication-model";"Confirm Order A";"requestTrace";"b82cc4ee-2446-486d-9f8c-a8c15aa4909b";"2"
"medianServiceReplication";"Median Service Replication level";"teastore-private-nlb-rds-three-lowreplication-model";"Confirm Order A";"requestTrace";"b82cc4ee-2446-486d-9f8c-a8c15aa4909b";"2"
"smallestReplicationValue";"Smallelst Service Replication Value";"teastore-private-nlb-rds-three-lowreplication-model";"Confirm Order A";"requestTrace";"b82cc4ee-2446-486d-9f8c-a8c15aa4909b";"2"
"storageReplicationLevel";"Storage Replication level";"teastore-private-nlb-rds-three-lowreplication-model";"Confirm Order A";"requestTrace";"b82cc4ee-2446-486d-9f8c-a8c15aa4909b";"3"
"dataReplicationAlongRequestTrace";"Data Replication Along Request Trace";"teastore-private-nlb-rds-three-lowreplication-model";"Confirm Order A";"requestTrace";"b82cc4ee-2446-486d-9f8c-a8c15aa4909b";"0.75"
"dataShardingLevel";"Level of sharding across storage backing services";"teastore-private-nlb-rds-three-lowreplication-model";"Confirm Order A";"requestTrace";"b82cc4ee-2446-486d-9f8c-a8c15aa4909b";"1"
"numberOfAvailabilityZonesUsed";"Number of Availability Zones used";"teastore-private-nlb-rds-three-lowreplication-model";"Confirm Order A";"requestTrace";"b82cc4ee-2446-486d-9f8c-a8c15aa4909b";"3"
"numberOfLinksWithRetryLogic";"Number of Links with retry logic";"teastore-private-nlb-rds-three-lowreplication-model";"Confirm Order A";"requestTrace";"b82cc4ee-2446-486d-9f8c-a8c15aa4909b";"0"
"numberOfLinksWithComplexFailover";"Number of Links with Complex Failover";"teastore-private-nlb-rds-three-lowreplication-model";"Confirm Order A";"requestTrace";"b82cc4ee-2446-486d-9f8c-a8c15aa4909b";"0"
"serviceMeshUsage";"Service Mesh Usage";"teastore-private-nlb-rds-three-lowreplication-model";"Confirm Order A";"requestTrace";"b82cc4ee-2446-486d-9f8c-a8c15aa4909b";"0"
"ratioOfInfrastructureNodesThatSupportMonitoring";"Ratio of Infrastructure nodes that support Monitoring";"teastore-private-nlb-rds-three-lowreplication-model";"Confirm Order A";"requestTrace";"b82cc4ee-2446-486d-9f8c-a8c15aa4909b";"0"
"ratioOfComponentsThatSupportMonitoring";"Ratio of Components that support Monitoring";"teastore-private-nlb-rds-three-lowreplication-model";"Confirm Order A";"requestTrace";"b82cc4ee-2446-486d-9f8c-a8c15aa4909b";"0"
"ratioOfEndpointsSupportingSsl";"Ratio of endpoints that support SSL";"teastore-private-nlb-rds-three-lowreplication-model";"Proceed To Checkout A";"requestTrace";"b092b142-5e79-49e9-b628-6f678237e1b0";"0"
"ratioOfSecuredLinks";"Ratio of secured links";"teastore-private-nlb-rds-three-lowreplication-model";"Proceed To Checkout A";"requestTrace";"b092b142-5e79-49e9-b628-6f678237e1b0";"0"
"ratioOfStateDependencyOfEndpoints";"Ratio of state dependency of endpoints";"teastore-private-nlb-rds-three-lowreplication-model";"Proceed To Checkout A";"requestTrace";"b092b142-5e79-49e9-b628-6f678237e1b0";"1"
"ratioOfStatefulComponents";"Ratio of stateful components";"teastore-private-nlb-rds-three-lowreplication-model";"Proceed To Checkout A";"requestTrace";"b092b142-5e79-49e9-b628-6f678237e1b0";"0"
"ratioOfStatelessComponents";"Ratio of stateless components";"teastore-private-nlb-rds-three-lowreplication-model";"Proceed To Checkout A";"requestTrace";"b092b142-5e79-49e9-b628-6f678237e1b0";"1"
"asynchronousCommunicationUtilization";"Asynchronous Communication Utilization";"teastore-private-nlb-rds-three-lowreplication-model";"Proceed To Checkout A";"requestTrace";"b092b142-5e79-49e9-b628-6f678237e1b0";"0"
"eventSourcingUtilizationMetric";"Event Sourcing utilization metric";"teastore-private-nlb-rds-three-lowreplication-model";"Proceed To Checkout A";"requestTrace";"b092b142-5e79-49e9-b628-6f678237e1b0";"0"
"distributedTracingSupport";"Distributed Tracing Support";"teastore-private-nlb-rds-three-lowreplication-model";"Proceed To Checkout A";"requestTrace";"b092b142-5e79-49e9-b628-6f678237e1b0";"0"
"ratioOfServicesThatProvideHealthEndpoints";"Ratio of Services that provide Health endpoints";"teastore-private-nlb-rds-three-lowreplication-model";"Proceed To Checkout A";"requestTrace";"b092b142-5e79-49e9-b628-6f678237e1b0";"0"
"maximumNumberOfServicesWithinARequestTrace";"Maximum number of services within a request trace";"teastore-private-nlb-rds-three-lowreplication-model";"Proceed To Checkout A";"requestTrace";"b092b142-5e79-49e9-b628-6f678237e1b0";"3"
"requestTraceComplexity";"Request Trace Length";"teastore-private-nlb-rds-three-lowreplication-model";"Proceed To Checkout A";"requestTrace";"b092b142-5e79-49e9-b628-6f678237e1b0";"3"
"requestTraceLength";"Request Trace Length";"teastore-private-nlb-rds-three-lowreplication-model";"Proceed To Checkout A";"requestTrace";"b092b142-5e79-49e9-b628-6f678237e1b0";"3"
"numberOfCyclesInRequestTraces";"Number of Cycles in Request Traces";"teastore-private-nlb-rds-three-lowreplication-model";"Proceed To Checkout A";"requestTrace";"b092b142-5e79-49e9-b628-6f678237e1b0";"0"
"databaseTypeUtilization";"Database Type Utilization";"teastore-private-nlb-rds-three-lowreplication-model";"Proceed To Checkout A";"requestTrace";"b092b142-5e79-49e9-b628-6f678237e1b0";"NaN"
"serviceDiscoveryUsage";"Service Discovery Usage";"teastore-private-nlb-rds-three-lowreplication-model";"Proceed To Checkout A";"requestTrace";"b092b142-5e79-49e9-b628-6f678237e1b0";"1"
"amountOfRedundancy";"Amount of redundancy";"teastore-private-nlb-rds-three-lowreplication-model";"Proceed To Checkout A";"requestTrace";"b092b142-5e79-49e9-b628-6f678237e1b0";"1"
"serviceReplicationLevel";"Service Replication level";"teastore-private-nlb-rds-three-lowreplication-model";"Proceed To Checkout A";"requestTrace";"b092b142-5e79-49e9-b628-6f678237e1b0";"2"
"medianServiceReplication";"Median Service Replication level";"teastore-private-nlb-rds-three-lowreplication-model";"Proceed To Checkout A";"requestTrace";"b092b142-5e79-49e9-b628-6f678237e1b0";"2"
"smallestReplicationValue";"Smallelst Service Replication Value";"teastore-private-nlb-rds-three-lowreplication-model";"Proceed To Checkout A";"requestTrace";"b092b142-5e79-49e9-b628-6f678237e1b0";"2"
"storageReplicationLevel";"Storage Replication level";"teastore-private-nlb-rds-three-lowreplication-model";"Proceed To Checkout A";"requestTrace";"b092b142-5e79-49e9-b628-6f678237e1b0";"n/a"
"dataReplicationAlongRequestTrace";"Data Replication Along Request Trace";"teastore-private-nlb-rds-three-lowreplication-model";"Proceed To Checkout A";"requestTrace";"b092b142-5e79-49e9-b628-6f678237e1b0";"0.25"
"dataShardingLevel";"Level of sharding across storage backing services";"teastore-private-nlb-rds-three-lowreplication-model";"Proceed To Checkout A";"requestTrace";"b092b142-5e79-49e9-b628-6f678237e1b0";"n/a"
"numberOfAvailabilityZonesUsed";"Number of Availability Zones used";"teastore-private-nlb-rds-three-lowreplication-model";"Proceed To Checkout A";"requestTrace";"b092b142-5e79-49e9-b628-6f678237e1b0";"3"
"numberOfLinksWithRetryLogic";"Number of Links with retry logic";"teastore-private-nlb-rds-three-lowreplication-model";"Proceed To Checkout A";"requestTrace";"b092b142-5e79-49e9-b628-6f678237e1b0";"0"
"numberOfLinksWithComplexFailover";"Number of Links with Complex Failover";"teastore-private-nlb-rds-three-lowreplication-model";"Proceed To Checkout A";"requestTrace";"b092b142-5e79-49e9-b628-6f678237e1b0";"0"
"serviceMeshUsage";"Service Mesh Usage";"teastore-private-nlb-rds-three-lowreplication-model";"Proceed To Checkout A";"requestTrace";"b092b142-5e79-49e9-b628-6f678237e1b0";"0"
"ratioOfInfrastructureNodesThatSupportMonitoring";"Ratio of Infrastructure nodes that support Monitoring";"teastore-private-nlb-rds-three-lowreplication-model";"Proceed To Checkout A";"requestTrace";"b092b142-5e79-49e9-b628-6f678237e1b0";"0"
"ratioOfComponentsThatSupportMonitoring";"Ratio of Components that support Monitoring";"teastore-private-nlb-rds-three-lowreplication-model";"Proceed To Checkout A";"requestTrace";"b092b142-5e79-49e9-b628-6f678237e1b0";"0"
"ratioOfEndpointsSupportingSsl";"Ratio of endpoints that support SSL";"teastore-private-nlb-rds-three-lowreplication-model";"Update Cart Quantity";"requestTrace";"4a5b98d9-7780-479f-a5c4-d5d047c6e5c4";"0"
"ratioOfSecuredLinks";"Ratio of secured links";"teastore-private-nlb-rds-three-lowreplication-model";"Update Cart Quantity";"requestTrace";"4a5b98d9-7780-479f-a5c4-d5d047c6e5c4";"0"
"ratioOfStateDependencyOfEndpoints";"Ratio of state dependency of endpoints";"teastore-private-nlb-rds-three-lowreplication-model";"Update Cart Quantity";"requestTrace";"4a5b98d9-7780-479f-a5c4-d5d047c6e5c4";"1"
"ratioOfStatefulComponents";"Ratio of stateful components";"teastore-private-nlb-rds-three-lowreplication-model";"Update Cart Quantity";"requestTrace";"4a5b98d9-7780-479f-a5c4-d5d047c6e5c4";"0"
"ratioOfStatelessComponents";"Ratio of stateless components";"teastore-private-nlb-rds-three-lowreplication-model";"Update Cart Quantity";"requestTrace";"4a5b98d9-7780-479f-a5c4-d5d047c6e5c4";"1"
"asynchronousCommunicationUtilization";"Asynchronous Communication Utilization";"teastore-private-nlb-rds-three-lowreplication-model";"Update Cart Quantity";"requestTrace";"4a5b98d9-7780-479f-a5c4-d5d047c6e5c4";"0"
"eventSourcingUtilizationMetric";"Event Sourcing utilization metric";"teastore-private-nlb-rds-three-lowreplication-model";"Update Cart Quantity";"requestTrace";"4a5b98d9-7780-479f-a5c4-d5d047c6e5c4";"0"
"distributedTracingSupport";"Distributed Tracing Support";"teastore-private-nlb-rds-three-lowreplication-model";"Update Cart Quantity";"requestTrace";"4a5b98d9-7780-479f-a5c4-d5d047c6e5c4";"0"
"ratioOfServicesThatProvideHealthEndpoints";"Ratio of Services that provide Health endpoints";"teastore-private-nlb-rds-three-lowreplication-model";"Update Cart Quantity";"requestTrace";"4a5b98d9-7780-479f-a5c4-d5d047c6e5c4";"0"
"maximumNumberOfServicesWithinARequestTrace";"Maximum number of services within a request trace";"teastore-private-nlb-rds-three-lowreplication-model";"Update Cart Quantity";"requestTrace";"4a5b98d9-7780-479f-a5c4-d5d047c6e5c4";"2"
"requestTraceComplexity";"Request Trace Length";"teastore-private-nlb-rds-three-lowreplication-model";"Update Cart Quantity";"requestTrace";"4a5b98d9-7780-479f-a5c4-d5d047c6e5c4";"1"
"requestTraceLength";"Request Trace Length";"teastore-private-nlb-rds-three-lowreplication-model";"Update Cart Quantity";"requestTrace";"4a5b98d9-7780-479f-a5c4-d5d047c6e5c4";"1"
"numberOfCyclesInRequestTraces";"Number of Cycles in Request Traces";"teastore-private-nlb-rds-three-lowreplication-model";"Update Cart Quantity";"requestTrace";"4a5b98d9-7780-479f-a5c4-d5d047c6e5c4";"0"
"databaseTypeUtilization";"Database Type Utilization";"teastore-private-nlb-rds-three-lowreplication-model";"Update Cart Quantity";"requestTrace";"4a5b98d9-7780-479f-a5c4-d5d047c6e5c4";"NaN"
"serviceDiscoveryUsage";"Service Discovery Usage";"teastore-private-nlb-rds-three-lowreplication-model";"Update Cart Quantity";"requestTrace";"4a5b98d9-7780-479f-a5c4-d5d047c6e5c4";"1"
"amountOfRedundancy";"Amount of redundancy";"teastore-private-nlb-rds-three-lowreplication-model";"Update Cart Quantity";"requestTrace";"4a5b98d9-7780-479f-a5c4-d5d047c6e5c4";"1"
"serviceReplicationLevel";"Service Replication level";"teastore-private-nlb-rds-three-lowreplication-model";"Update Cart Quantity";"requestTrace";"4a5b98d9-7780-479f-a5c4-d5d047c6e5c4";"2"
"medianServiceReplication";"Median Service Replication level";"teastore-private-nlb-rds-three-lowreplication-model";"Update Cart Quantity";"requestTrace";"4a5b98d9-7780-479f-a5c4-d5d047c6e5c4";"2"
"smallestReplicationValue";"Smallelst Service Replication Value";"teastore-private-nlb-rds-three-lowreplication-model";"Update Cart Quantity";"requestTrace";"4a5b98d9-7780-479f-a5c4-d5d047c6e5c4";"2"
"storageReplicationLevel";"Storage Replication level";"teastore-private-nlb-rds-three-lowreplication-model";"Update Cart Quantity";"requestTrace";"4a5b98d9-7780-479f-a5c4-d5d047c6e5c4";"n/a"
"dataReplicationAlongRequestTrace";"Data Replication Along Request Trace";"teastore-private-nlb-rds-three-lowreplication-model";"Update Cart Quantity";"requestTrace";"4a5b98d9-7780-479f-a5c4-d5d047c6e5c4";"0"
"dataShardingLevel";"Level of sharding across storage backing services";"teastore-private-nlb-rds-three-lowreplication-model";"Update Cart Quantity";"requestTrace";"4a5b98d9-7780-479f-a5c4-d5d047c6e5c4";"n/a"
"numberOfAvailabilityZonesUsed";"Number of Availability Zones used";"teastore-private-nlb-rds-three-lowreplication-model";"Update Cart Quantity";"requestTrace";"4a5b98d9-7780-479f-a5c4-d5d047c6e5c4";"3"
"numberOfLinksWithRetryLogic";"Number of Links with retry logic";"teastore-private-nlb-rds-three-lowreplication-model";"Update Cart Quantity";"requestTrace";"4a5b98d9-7780-479f-a5c4-d5d047c6e5c4";"0"
"numberOfLinksWithComplexFailover";"Number of Links with Complex Failover";"teastore-private-nlb-rds-three-lowreplication-model";"Update Cart Quantity";"requestTrace";"4a5b98d9-7780-479f-a5c4-d5d047c6e5c4";"0"
"serviceMeshUsage";"Service Mesh Usage";"teastore-private-nlb-rds-three-lowreplication-model";"Update Cart Quantity";"requestTrace";"4a5b98d9-7780-479f-a5c4-d5d047c6e5c4";"0"
"ratioOfInfrastructureNodesThatSupportMonitoring";"Ratio of Infrastructure nodes that support Monitoring";"teastore-private-nlb-rds-three-lowreplication-model";"Update Cart Quantity";"requestTrace";"4a5b98d9-7780-479f-a5c4-d5d047c6e5c4";"0"
"ratioOfComponentsThatSupportMonitoring";"Ratio of Components that support Monitoring";"teastore-private-nlb-rds-three-lowreplication-model";"Update Cart Quantity";"requestTrace";"4a5b98d9-7780-479f-a5c4-d5d047c6e5c4";"0"
"ratioOfEndpointsSupportingSsl";"Ratio of endpoints that support SSL";"teastore-private-nlb-rds-three-lowreplication-model";"Remove From Cart A";"requestTrace";"b617292c-0e2d-4d77-9235-d977bd56764a";"0"
"ratioOfSecuredLinks";"Ratio of secured links";"teastore-private-nlb-rds-three-lowreplication-model";"Remove From Cart A";"requestTrace";"b617292c-0e2d-4d77-9235-d977bd56764a";"0"
"ratioOfStateDependencyOfEndpoints";"Ratio of state dependency of endpoints";"teastore-private-nlb-rds-three-lowreplication-model";"Remove From Cart A";"requestTrace";"b617292c-0e2d-4d77-9235-d977bd56764a";"0.5"
"ratioOfStatefulComponents";"Ratio of stateful components";"teastore-private-nlb-rds-three-lowreplication-model";"Remove From Cart A";"requestTrace";"b617292c-0e2d-4d77-9235-d977bd56764a";"0"
"ratioOfStatelessComponents";"Ratio of stateless components";"teastore-private-nlb-rds-three-lowreplication-model";"Remove From Cart A";"requestTrace";"b617292c-0e2d-4d77-9235-d977bd56764a";"1"
"asynchronousCommunicationUtilization";"Asynchronous Communication Utilization";"teastore-private-nlb-rds-three-lowreplication-model";"Remove From Cart A";"requestTrace";"b617292c-0e2d-4d77-9235-d977bd56764a";"0"
"eventSourcingUtilizationMetric";"Event Sourcing utilization metric";"teastore-private-nlb-rds-three-lowreplication-model";"Remove From Cart A";"requestTrace";"b617292c-0e2d-4d77-9235-d977bd56764a";"0"
"distributedTracingSupport";"Distributed Tracing Support";"teastore-private-nlb-rds-three-lowreplication-model";"Remove From Cart A";"requestTrace";"b617292c-0e2d-4d77-9235-d977bd56764a";"0"
"ratioOfServicesThatProvideHealthEndpoints";"Ratio of Services that provide Health endpoints";"teastore-private-nlb-rds-three-lowreplication-model";"Remove From Cart A";"requestTrace";"b617292c-0e2d-4d77-9235-d977bd56764a";"0"
"maximumNumberOfServicesWithinARequestTrace";"Maximum number of services within a request trace";"teastore-private-nlb-rds-three-lowreplication-model";"Remove From Cart A";"requestTrace";"b617292c-0e2d-4d77-9235-d977bd56764a";"2"
"requestTraceComplexity";"Request Trace Length";"teastore-private-nlb-rds-three-lowreplication-model";"Remove From Cart A";"requestTrace";"b617292c-0e2d-4d77-9235-d977bd56764a";"1"
"requestTraceLength";"Request Trace Length";"teastore-private-nlb-rds-three-lowreplication-model";"Remove From Cart A";"requestTrace";"b617292c-0e2d-4d77-9235-d977bd56764a";"1"
"numberOfCyclesInRequestTraces";"Number of Cycles in Request Traces";"teastore-private-nlb-rds-three-lowreplication-model";"Remove From Cart A";"requestTrace";"b617292c-0e2d-4d77-9235-d977bd56764a";"0"
"databaseTypeUtilization";"Database Type Utilization";"teastore-private-nlb-rds-three-lowreplication-model";"Remove From Cart A";"requestTrace";"b617292c-0e2d-4d77-9235-d977bd56764a";"NaN"
"serviceDiscoveryUsage";"Service Discovery Usage";"teastore-private-nlb-rds-three-lowreplication-model";"Remove From Cart A";"requestTrace";"b617292c-0e2d-4d77-9235-d977bd56764a";"1"
"amountOfRedundancy";"Amount of redundancy";"teastore-private-nlb-rds-three-lowreplication-model";"Remove From Cart A";"requestTrace";"b617292c-0e2d-4d77-9235-d977bd56764a";"1"
"serviceReplicationLevel";"Service Replication level";"teastore-private-nlb-rds-three-lowreplication-model";"Remove From Cart A";"requestTrace";"b617292c-0e2d-4d77-9235-d977bd56764a";"2"
"medianServiceReplication";"Median Service Replication level";"teastore-private-nlb-rds-three-lowreplication-model";"Remove From Cart A";"requestTrace";"b617292c-0e2d-4d77-9235-d977bd56764a";"2"
"smallestReplicationValue";"Smallelst Service Replication Value";"teastore-private-nlb-rds-three-lowreplication-model";"Remove From Cart A";"requestTrace";"b617292c-0e2d-4d77-9235-d977bd56764a";"2"
"storageReplicationLevel";"Storage Replication level";"teastore-private-nlb-rds-three-lowreplication-model";"Remove From Cart A";"requestTrace";"b617292c-0e2d-4d77-9235-d977bd56764a";"n/a"
"dataReplicationAlongRequestTrace";"Data Replication Along Request Trace";"teastore-private-nlb-rds-three-lowreplication-model";"Remove From Cart A";"requestTrace";"b617292c-0e2d-4d77-9235-d977bd56764a";"0"
"dataShardingLevel";"Level of sharding across storage backing services";"teastore-private-nlb-rds-three-lowreplication-model";"Remove From Cart A";"requestTrace";"b617292c-0e2d-4d77-9235-d977bd56764a";"n/a"
"numberOfAvailabilityZonesUsed";"Number of Availability Zones used";"teastore-private-nlb-rds-three-lowreplication-model";"Remove From Cart A";"requestTrace";"b617292c-0e2d-4d77-9235-d977bd56764a";"3"
"numberOfLinksWithRetryLogic";"Number of Links with retry logic";"teastore-private-nlb-rds-three-lowreplication-model";"Remove From Cart A";"requestTrace";"b617292c-0e2d-4d77-9235-d977bd56764a";"0"
"numberOfLinksWithComplexFailover";"Number of Links with Complex Failover";"teastore-private-nlb-rds-three-lowreplication-model";"Remove From Cart A";"requestTrace";"b617292c-0e2d-4d77-9235-d977bd56764a";"0"
"serviceMeshUsage";"Service Mesh Usage";"teastore-private-nlb-rds-three-lowreplication-model";"Remove From Cart A";"requestTrace";"b617292c-0e2d-4d77-9235-d977bd56764a";"0"
"ratioOfInfrastructureNodesThatSupportMonitoring";"Ratio of Infrastructure nodes that support Monitoring";"teastore-private-nlb-rds-three-lowreplication-model";"Remove From Cart A";"requestTrace";"b617292c-0e2d-4d77-9235-d977bd56764a";"0"
"ratioOfComponentsThatSupportMonitoring";"Ratio of Components that support Monitoring";"teastore-private-nlb-rds-three-lowreplication-model";"Remove From Cart A";"requestTrace";"b617292c-0e2d-4d77-9235-d977bd56764a";"0"
"ratioOfEndpointsSupportingSsl";"Ratio of endpoints that support SSL";"teastore-private-nlb-rds-three-lowreplication-model";"Add Product To Cart";"requestTrace";"ea3668b5-9e6c-4456-b2ad-a490c763490f";"0"
"ratioOfSecuredLinks";"Ratio of secured links";"teastore-private-nlb-rds-three-lowreplication-model";"Add Product To Cart";"requestTrace";"ea3668b5-9e6c-4456-b2ad-a490c763490f";"0"
"ratioOfStateDependencyOfEndpoints";"Ratio of state dependency of endpoints";"teastore-private-nlb-rds-three-lowreplication-model";"Add Product To Cart";"requestTrace";"ea3668b5-9e6c-4456-b2ad-a490c763490f";"1"
"ratioOfStatefulComponents";"Ratio of stateful components";"teastore-private-nlb-rds-three-lowreplication-model";"Add Product To Cart";"requestTrace";"ea3668b5-9e6c-4456-b2ad-a490c763490f";"0.16666666666666666"
"ratioOfStatelessComponents";"Ratio of stateless components";"teastore-private-nlb-rds-three-lowreplication-model";"Add Product To Cart";"requestTrace";"ea3668b5-9e6c-4456-b2ad-a490c763490f";"0.8333333333333334"
"asynchronousCommunicationUtilization";"Asynchronous Communication Utilization";"teastore-private-nlb-rds-three-lowreplication-model";"Add Product To Cart";"requestTrace";"ea3668b5-9e6c-4456-b2ad-a490c763490f";"0"
"eventSourcingUtilizationMetric";"Event Sourcing utilization metric";"teastore-private-nlb-rds-three-lowreplication-model";"Add Product To Cart";"requestTrace";"ea3668b5-9e6c-4456-b2ad-a490c763490f";"0"
"distributedTracingSupport";"Distributed Tracing Support";"teastore-private-nlb-rds-three-lowreplication-model";"Add Product To Cart";"requestTrace";"ea3668b5-9e6c-4456-b2ad-a490c763490f";"0"
"ratioOfServicesThatProvideHealthEndpoints";"Ratio of Services that provide Health endpoints";"teastore-private-nlb-rds-three-lowreplication-model";"Add Product To Cart";"requestTrace";"ea3668b5-9e6c-4456-b2ad-a490c763490f";"0"
"maximumNumberOfServicesWithinARequestTrace";"Maximum number of services within a request trace";"teastore-private-nlb-rds-three-lowreplication-model";"Add Product To Cart";"requestTrace";"ea3668b5-9e6c-4456-b2ad-a490c763490f";"6"
"requestTraceComplexity";"Request Trace Length";"teastore-private-nlb-rds-three-lowreplication-model";"Add Product To Cart";"requestTrace";"ea3668b5-9e6c-4456-b2ad-a490c763490f";"3"
"requestTraceLength";"Request Trace Length";"teastore-private-nlb-rds-three-lowreplication-model";"Add Product To Cart";"requestTrace";"ea3668b5-9e6c-4456-b2ad-a490c763490f";"3"
"numberOfCyclesInRequestTraces";"Number of Cycles in Request Traces";"teastore-private-nlb-rds-three-lowreplication-model";"Add Product To Cart";"requestTrace";"ea3668b5-9e6c-4456-b2ad-a490c763490f";"0"
"databaseTypeUtilization";"Database Type Utilization";"teastore-private-nlb-rds-three-lowreplication-model";"Add Product To Cart";"requestTrace";"ea3668b5-9e6c-4456-b2ad-a490c763490f";"1"
"serviceDiscoveryUsage";"Service Discovery Usage";"teastore-private-nlb-rds-three-lowreplication-model";"Add Product To Cart";"requestTrace";"ea3668b5-9e6c-4456-b2ad-a490c763490f";"1"
"amountOfRedundancy";"Amount of redundancy";"teastore-private-nlb-rds-three-lowreplication-model";"Add Product To Cart";"requestTrace";"ea3668b5-9e6c-4456-b2ad-a490c763490f";"1"
"serviceReplicationLevel";"Service Replication level";"teastore-private-nlb-rds-three-lowreplication-model";"Add Product To Cart";"requestTrace";"ea3668b5-9e6c-4456-b2ad-a490c763490f";"2"
"medianServiceReplication";"Median Service Replication level";"teastore-private-nlb-rds-three-lowreplication-model";"Add Product To Cart";"requestTrace";"ea3668b5-9e6c-4456-b2ad-a490c763490f";"2"
"smallestReplicationValue";"Smallelst Service Replication Value";"teastore-private-nlb-rds-three-lowreplication-model";"Add Product To Cart";"requestTrace";"ea3668b5-9e6c-4456-b2ad-a490c763490f";"2"
"storageReplicationLevel";"Storage Replication level";"teastore-private-nlb-rds-three-lowreplication-model";"Add Product To Cart";"requestTrace";"ea3668b5-9e6c-4456-b2ad-a490c763490f";"3"
"dataReplicationAlongRequestTrace";"Data Replication Along Request Trace";"teastore-private-nlb-rds-three-lowreplication-model";"Add Product To Cart";"requestTrace";"ea3668b5-9e6c-4456-b2ad-a490c763490f";"0.75"
"dataShardingLevel";"Level of sharding across storage backing services";"teastore-private-nlb-rds-three-lowreplication-model";"Add Product To Cart";"requestTrace";"ea3668b5-9e6c-4456-b2ad-a490c763490f";"1"
"numberOfAvailabilityZonesUsed";"Number of Availability Zones used";"teastore-private-nlb-rds-three-lowreplication-model";"Add Product To Cart";"requestTrace";"ea3668b5-9e6c-4456-b2ad-a490c763490f";"3"
"numberOfLinksWithRetryLogic";"Number of Links with retry logic";"teastore-private-nlb-rds-three-lowreplication-model";"Add Product To Cart";"requestTrace";"ea3668b5-9e6c-4456-b2ad-a490c763490f";"0"
"numberOfLinksWithComplexFailover";"Number of Links with Complex Failover";"teastore-private-nlb-rds-three-lowreplication-model";"Add Product To Cart";"requestTrace";"ea3668b5-9e6c-4456-b2ad-a490c763490f";"0"
"serviceMeshUsage";"Service Mesh Usage";"teastore-private-nlb-rds-three-lowreplication-model";"Add Product To Cart";"requestTrace";"ea3668b5-9e6c-4456-b2ad-a490c763490f";"0"
"ratioOfInfrastructureNodesThatSupportMonitoring";"Ratio of Infrastructure nodes that support Monitoring";"teastore-private-nlb-rds-three-lowreplication-model";"Add Product To Cart";"requestTrace";"ea3668b5-9e6c-4456-b2ad-a490c763490f";"0"
"ratioOfComponentsThatSupportMonitoring";"Ratio of Components that support Monitoring";"teastore-private-nlb-rds-three-lowreplication-model";"Add Product To Cart";"requestTrace";"ea3668b5-9e6c-4456-b2ad-a490c763490f";"0"
"ratioOfEndpointsSupportingSsl";"Ratio of endpoints that support SSL";"teastore-private-nlb-rds-three-lowreplication-model";"About Us A";"requestTrace";"cb94be2e-4b7c-43ca-b17a-580ff62a1e2e";"0"
"ratioOfSecuredLinks";"Ratio of secured links";"teastore-private-nlb-rds-three-lowreplication-model";"About Us A";"requestTrace";"cb94be2e-4b7c-43ca-b17a-580ff62a1e2e";"0"
"ratioOfStateDependencyOfEndpoints";"Ratio of state dependency of endpoints";"teastore-private-nlb-rds-three-lowreplication-model";"About Us A";"requestTrace";"cb94be2e-4b7c-43ca-b17a-580ff62a1e2e";"1"
"ratioOfStatefulComponents";"Ratio of stateful components";"teastore-private-nlb-rds-three-lowreplication-model";"About Us A";"requestTrace";"cb94be2e-4b7c-43ca-b17a-580ff62a1e2e";"0"
"ratioOfStatelessComponents";"Ratio of stateless components";"teastore-private-nlb-rds-three-lowreplication-model";"About Us A";"requestTrace";"cb94be2e-4b7c-43ca-b17a-580ff62a1e2e";"1"
"asynchronousCommunicationUtilization";"Asynchronous Communication Utilization";"teastore-private-nlb-rds-three-lowreplication-model";"About Us A";"requestTrace";"cb94be2e-4b7c-43ca-b17a-580ff62a1e2e";"0"
"eventSourcingUtilizationMetric";"Event Sourcing utilization metric";"teastore-private-nlb-rds-three-lowreplication-model";"About Us A";"requestTrace";"cb94be2e-4b7c-43ca-b17a-580ff62a1e2e";"0"
"distributedTracingSupport";"Distributed Tracing Support";"teastore-private-nlb-rds-three-lowreplication-model";"About Us A";"requestTrace";"cb94be2e-4b7c-43ca-b17a-580ff62a1e2e";"0"
"ratioOfServicesThatProvideHealthEndpoints";"Ratio of Services that provide Health endpoints";"teastore-private-nlb-rds-three-lowreplication-model";"About Us A";"requestTrace";"cb94be2e-4b7c-43ca-b17a-580ff62a1e2e";"0"
"maximumNumberOfServicesWithinARequestTrace";"Maximum number of services within a request trace";"teastore-private-nlb-rds-three-lowreplication-model";"About Us A";"requestTrace";"cb94be2e-4b7c-43ca-b17a-580ff62a1e2e";"3"
"requestTraceComplexity";"Request Trace Length";"teastore-private-nlb-rds-three-lowreplication-model";"About Us A";"requestTrace";"cb94be2e-4b7c-43ca-b17a-580ff62a1e2e";"2"
"requestTraceLength";"Request Trace Length";"teastore-private-nlb-rds-three-lowreplication-model";"About Us A";"requestTrace";"cb94be2e-4b7c-43ca-b17a-580ff62a1e2e";"2"
"numberOfCyclesInRequestTraces";"Number of Cycles in Request Traces";"teastore-private-nlb-rds-three-lowreplication-model";"About Us A";"requestTrace";"cb94be2e-4b7c-43ca-b17a-580ff62a1e2e";"0"
"databaseTypeUtilization";"Database Type Utilization";"teastore-private-nlb-rds-three-lowreplication-model";"About Us A";"requestTrace";"cb94be2e-4b7c-43ca-b17a-580ff62a1e2e";"NaN"
"serviceDiscoveryUsage";"Service Discovery Usage";"teastore-private-nlb-rds-three-lowreplication-model";"About Us A";"requestTrace";"cb94be2e-4b7c-43ca-b17a-580ff62a1e2e";"1"
"amountOfRedundancy";"Amount of redundancy";"teastore-private-nlb-rds-three-lowreplication-model";"About Us A";"requestTrace";"cb94be2e-4b7c-43ca-b17a-580ff62a1e2e";"1"
"serviceReplicationLevel";"Service Replication level";"teastore-private-nlb-rds-three-lowreplication-model";"About Us A";"requestTrace";"cb94be2e-4b7c-43ca-b17a-580ff62a1e2e";"2"
"medianServiceReplication";"Median Service Replication level";"teastore-private-nlb-rds-three-lowreplication-model";"About Us A";"requestTrace";"cb94be2e-4b7c-43ca-b17a-580ff62a1e2e";"2"
"smallestReplicationValue";"Smallelst Service Replication Value";"teastore-private-nlb-rds-three-lowreplication-model";"About Us A";"requestTrace";"cb94be2e-4b7c-43ca-b17a-580ff62a1e2e";"2"
"storageReplicationLevel";"Storage Replication level";"teastore-private-nlb-rds-three-lowreplication-model";"About Us A";"requestTrace";"cb94be2e-4b7c-43ca-b17a-580ff62a1e2e";"n/a"
"dataReplicationAlongRequestTrace";"Data Replication Along Request Trace";"teastore-private-nlb-rds-three-lowreplication-model";"About Us A";"requestTrace";"cb94be2e-4b7c-43ca-b17a-580ff62a1e2e";"0.25"
"dataShardingLevel";"Level of sharding across storage backing services";"teastore-private-nlb-rds-three-lowreplication-model";"About Us A";"requestTrace";"cb94be2e-4b7c-43ca-b17a-580ff62a1e2e";"n/a"
"numberOfAvailabilityZonesUsed";"Number of Availability Zones used";"teastore-private-nlb-rds-three-lowreplication-model";"About Us A";"requestTrace";"cb94be2e-4b7c-43ca-b17a-580ff62a1e2e";"3"
"numberOfLinksWithRetryLogic";"Number of Links with retry logic";"teastore-private-nlb-rds-three-lowreplication-model";"About Us A";"requestTrace";"cb94be2e-4b7c-43ca-b17a-580ff62a1e2e";"0"
"numberOfLinksWithComplexFailover";"Number of Links with Complex Failover";"teastore-private-nlb-rds-three-lowreplication-model";"About Us A";"requestTrace";"cb94be2e-4b7c-43ca-b17a-580ff62a1e2e";"0"
"serviceMeshUsage";"Service Mesh Usage";"teastore-private-nlb-rds-three-lowreplication-model";"About Us A";"requestTrace";"cb94be2e-4b7c-43ca-b17a-580ff62a1e2e";"0"
"ratioOfInfrastructureNodesThatSupportMonitoring";"Ratio of Infrastructure nodes that support Monitoring";"teastore-private-nlb-rds-three-lowreplication-model";"About Us A";"requestTrace";"cb94be2e-4b7c-43ca-b17a-580ff62a1e2e";"0"
"ratioOfComponentsThatSupportMonitoring";"Ratio of Components that support Monitoring";"teastore-private-nlb-rds-three-lowreplication-model";"About Us A";"requestTrace";"cb94be2e-4b7c-43ca-b17a-580ff62a1e2e";"0"
"ratioOfEndpointsSupportingSsl";"Ratio of endpoints that support SSL";"teastore-private-nlb-rds-three-lowreplication-model";"Show Database Actions";"requestTrace";"d802ce1d-27a9-4714-aa44-a177ccbc1ca3";"0"
"ratioOfSecuredLinks";"Ratio of secured links";"teastore-private-nlb-rds-three-lowreplication-model";"Show Database Actions";"requestTrace";"d802ce1d-27a9-4714-aa44-a177ccbc1ca3";"0"
"ratioOfStateDependencyOfEndpoints";"Ratio of state dependency of endpoints";"teastore-private-nlb-rds-three-lowreplication-model";"Show Database Actions";"requestTrace";"d802ce1d-27a9-4714-aa44-a177ccbc1ca3";"0"
"ratioOfStatefulComponents";"Ratio of stateful components";"teastore-private-nlb-rds-three-lowreplication-model";"Show Database Actions";"requestTrace";"d802ce1d-27a9-4714-aa44-a177ccbc1ca3";"0"
"ratioOfStatelessComponents";"Ratio of stateless components";"teastore-private-nlb-rds-three-lowreplication-model";"Show Database Actions";"requestTrace";"d802ce1d-27a9-4714-aa44-a177ccbc1ca3";"0"
"asynchronousCommunicationUtilization";"Asynchronous Communication Utilization";"teastore-private-nlb-rds-three-lowreplication-model";"Show Database Actions";"requestTrace";"d802ce1d-27a9-4714-aa44-a177ccbc1ca3";"0"
"eventSourcingUtilizationMetric";"Event Sourcing utilization metric";"teastore-private-nlb-rds-three-lowreplication-model";"Show Database Actions";"requestTrace";"d802ce1d-27a9-4714-aa44-a177ccbc1ca3";"0"
"distributedTracingSupport";"Distributed Tracing Support";"teastore-private-nlb-rds-three-lowreplication-model";"Show Database Actions";"requestTrace";"d802ce1d-27a9-4714-aa44-a177ccbc1ca3";"0"
"ratioOfServicesThatProvideHealthEndpoints";"Ratio of Services that provide Health endpoints";"teastore-private-nlb-rds-three-lowreplication-model";"Show Database Actions";"requestTrace";"d802ce1d-27a9-4714-aa44-a177ccbc1ca3";"0"
"maximumNumberOfServicesWithinARequestTrace";"Maximum number of services within a request trace";"teastore-private-nlb-rds-three-lowreplication-model";"Show Database Actions";"requestTrace";"d802ce1d-27a9-4714-aa44-a177ccbc1ca3";"0"
"requestTraceComplexity";"Request Trace Length";"teastore-private-nlb-rds-three-lowreplication-model";"Show Database Actions";"requestTrace";"d802ce1d-27a9-4714-aa44-a177ccbc1ca3";"0"
"requestTraceLength";"Request Trace Length";"teastore-private-nlb-rds-three-lowreplication-model";"Show Database Actions";"requestTrace";"d802ce1d-27a9-4714-aa44-a177ccbc1ca3";"0"
"numberOfCyclesInRequestTraces";"Number of Cycles in Request Traces";"teastore-private-nlb-rds-three-lowreplication-model";"Show Database Actions";"requestTrace";"d802ce1d-27a9-4714-aa44-a177ccbc1ca3";"0"
"databaseTypeUtilization";"Database Type Utilization";"teastore-private-nlb-rds-three-lowreplication-model";"Show Database Actions";"requestTrace";"d802ce1d-27a9-4714-aa44-a177ccbc1ca3";"NaN"
"serviceDiscoveryUsage";"Service Discovery Usage";"teastore-private-nlb-rds-three-lowreplication-model";"Show Database Actions";"requestTrace";"d802ce1d-27a9-4714-aa44-a177ccbc1ca3";"0"
"amountOfRedundancy";"Amount of redundancy";"teastore-private-nlb-rds-three-lowreplication-model";"Show Database Actions";"requestTrace";"d802ce1d-27a9-4714-aa44-a177ccbc1ca3";"NaN"
"serviceReplicationLevel";"Service Replication level";"teastore-private-nlb-rds-three-lowreplication-model";"Show Database Actions";"requestTrace";"d802ce1d-27a9-4714-aa44-a177ccbc1ca3";"n/a"
"medianServiceReplication";"Median Service Replication level";"teastore-private-nlb-rds-three-lowreplication-model";"Show Database Actions";"requestTrace";"d802ce1d-27a9-4714-aa44-a177ccbc1ca3";"n/a"
"smallestReplicationValue";"Smallelst Service Replication Value";"teastore-private-nlb-rds-three-lowreplication-model";"Show Database Actions";"requestTrace";"d802ce1d-27a9-4714-aa44-a177ccbc1ca3";"n/a"
"storageReplicationLevel";"Storage Replication level";"teastore-private-nlb-rds-three-lowreplication-model";"Show Database Actions";"requestTrace";"d802ce1d-27a9-4714-aa44-a177ccbc1ca3";"n/a"
"dataReplicationAlongRequestTrace";"Data Replication Along Request Trace";"teastore-private-nlb-rds-three-lowreplication-model";"Show Database Actions";"requestTrace";"d802ce1d-27a9-4714-aa44-a177ccbc1ca3";"0"
"dataShardingLevel";"Level of sharding across storage backing services";"teastore-private-nlb-rds-three-lowreplication-model";"Show Database Actions";"requestTrace";"d802ce1d-27a9-4714-aa44-a177ccbc1ca3";"n/a"
"numberOfAvailabilityZonesUsed";"Number of Availability Zones used";"teastore-private-nlb-rds-three-lowreplication-model";"Show Database Actions";"requestTrace";"d802ce1d-27a9-4714-aa44-a177ccbc1ca3";"0"
"numberOfLinksWithRetryLogic";"Number of Links with retry logic";"teastore-private-nlb-rds-three-lowreplication-model";"Show Database Actions";"requestTrace";"d802ce1d-27a9-4714-aa44-a177ccbc1ca3";"0"
"numberOfLinksWithComplexFailover";"Number of Links with Complex Failover";"teastore-private-nlb-rds-three-lowreplication-model";"Show Database Actions";"requestTrace";"d802ce1d-27a9-4714-aa44-a177ccbc1ca3";"0"
"serviceMeshUsage";"Service Mesh Usage";"teastore-private-nlb-rds-three-lowreplication-model";"Show Database Actions";"requestTrace";"d802ce1d-27a9-4714-aa44-a177ccbc1ca3";"0"
"ratioOfInfrastructureNodesThatSupportMonitoring";"Ratio of Infrastructure nodes that support Monitoring";"teastore-private-nlb-rds-three-lowreplication-model";"Show Database Actions";"requestTrace";"d802ce1d-27a9-4714-aa44-a177ccbc1ca3";"0"
"ratioOfComponentsThatSupportMonitoring";"Ratio of Components that support Monitoring";"teastore-private-nlb-rds-three-lowreplication-model";"Show Database Actions";"requestTrace";"d802ce1d-27a9-4714-aa44-a177ccbc1ca3";"0"
"ratioOfEndpointsSupportingSsl";"Ratio of endpoints that support SSL";"teastore-private-nlb-rds-three-lowreplication-model";"User Logout";"requestTrace";"03525b41-e2b4-4ada-806c-a05bad348e5a";"0"
"ratioOfSecuredLinks";"Ratio of secured links";"teastore-private-nlb-rds-three-lowreplication-model";"User Logout";"requestTrace";"03525b41-e2b4-4ada-806c-a05bad348e5a";"0"
"ratioOfStateDependencyOfEndpoints";"Ratio of state dependency of endpoints";"teastore-private-nlb-rds-three-lowreplication-model";"User Logout";"requestTrace";"03525b41-e2b4-4ada-806c-a05bad348e5a";"1"
"ratioOfStatefulComponents";"Ratio of stateful components";"teastore-private-nlb-rds-three-lowreplication-model";"User Logout";"requestTrace";"03525b41-e2b4-4ada-806c-a05bad348e5a";"0"
"ratioOfStatelessComponents";"Ratio of stateless components";"teastore-private-nlb-rds-three-lowreplication-model";"User Logout";"requestTrace";"03525b41-e2b4-4ada-806c-a05bad348e5a";"1"
"asynchronousCommunicationUtilization";"Asynchronous Communication Utilization";"teastore-private-nlb-rds-three-lowreplication-model";"User Logout";"requestTrace";"03525b41-e2b4-4ada-806c-a05bad348e5a";"0"
"eventSourcingUtilizationMetric";"Event Sourcing utilization metric";"teastore-private-nlb-rds-three-lowreplication-model";"User Logout";"requestTrace";"03525b41-e2b4-4ada-806c-a05bad348e5a";"0"
"distributedTracingSupport";"Distributed Tracing Support";"teastore-private-nlb-rds-three-lowreplication-model";"User Logout";"requestTrace";"03525b41-e2b4-4ada-806c-a05bad348e5a";"0"
"ratioOfServicesThatProvideHealthEndpoints";"Ratio of Services that provide Health endpoints";"teastore-private-nlb-rds-three-lowreplication-model";"User Logout";"requestTrace";"03525b41-e2b4-4ada-806c-a05bad348e5a";"0"
"maximumNumberOfServicesWithinARequestTrace";"Maximum number of services within a request trace";"teastore-private-nlb-rds-three-lowreplication-model";"User Logout";"requestTrace";"03525b41-e2b4-4ada-806c-a05bad348e5a";"2"
"requestTraceComplexity";"Request Trace Length";"teastore-private-nlb-rds-three-lowreplication-model";"User Logout";"requestTrace";"03525b41-e2b4-4ada-806c-a05bad348e5a";"1"
"requestTraceLength";"Request Trace Length";"teastore-private-nlb-rds-three-lowreplication-model";"User Logout";"requestTrace";"03525b41-e2b4-4ada-806c-a05bad348e5a";"1"
"numberOfCyclesInRequestTraces";"Number of Cycles in Request Traces";"teastore-private-nlb-rds-three-lowreplication-model";"User Logout";"requestTrace";"03525b41-e2b4-4ada-806c-a05bad348e5a";"0"
"databaseTypeUtilization";"Database Type Utilization";"teastore-private-nlb-rds-three-lowreplication-model";"User Logout";"requestTrace";"03525b41-e2b4-4ada-806c-a05bad348e5a";"NaN"
"serviceDiscoveryUsage";"Service Discovery Usage";"teastore-private-nlb-rds-three-lowreplication-model";"User Logout";"requestTrace";"03525b41-e2b4-4ada-806c-a05bad348e5a";"1"
"amountOfRedundancy";"Amount of redundancy";"teastore-private-nlb-rds-three-lowreplication-model";"User Logout";"requestTrace";"03525b41-e2b4-4ada-806c-a05bad348e5a";"1"
"serviceReplicationLevel";"Service Replication level";"teastore-private-nlb-rds-three-lowreplication-model";"User Logout";"requestTrace";"03525b41-e2b4-4ada-806c-a05bad348e5a";"2"
"medianServiceReplication";"Median Service Replication level";"teastore-private-nlb-rds-three-lowreplication-model";"User Logout";"requestTrace";"03525b41-e2b4-4ada-806c-a05bad348e5a";"2"
"smallestReplicationValue";"Smallelst Service Replication Value";"teastore-private-nlb-rds-three-lowreplication-model";"User Logout";"requestTrace";"03525b41-e2b4-4ada-806c-a05bad348e5a";"2"
"storageReplicationLevel";"Storage Replication level";"teastore-private-nlb-rds-three-lowreplication-model";"User Logout";"requestTrace";"03525b41-e2b4-4ada-806c-a05bad348e5a";"n/a"
"dataReplicationAlongRequestTrace";"Data Replication Along Request Trace";"teastore-private-nlb-rds-three-lowreplication-model";"User Logout";"requestTrace";"03525b41-e2b4-4ada-806c-a05bad348e5a";"0"
"dataShardingLevel";"Level of sharding across storage backing services";"teastore-private-nlb-rds-three-lowreplication-model";"User Logout";"requestTrace";"03525b41-e2b4-4ada-806c-a05bad348e5a";"n/a"
"numberOfAvailabilityZonesUsed";"Number of Availability Zones used";"teastore-private-nlb-rds-three-lowreplication-model";"User Logout";"requestTrace";"03525b41-e2b4-4ada-806c-a05bad348e5a";"3"
"numberOfLinksWithRetryLogic";"Number of Links with retry logic";"teastore-private-nlb-rds-three-lowreplication-model";"User Logout";"requestTrace";"03525b41-e2b4-4ada-806c-a05bad348e5a";"0"
"numberOfLinksWithComplexFailover";"Number of Links with Complex Failover";"teastore-private-nlb-rds-three-lowreplication-model";"User Logout";"requestTrace";"03525b41-e2b4-4ada-806c-a05bad348e5a";"0"
"serviceMeshUsage";"Service Mesh Usage";"teastore-private-nlb-rds-three-lowreplication-model";"User Logout";"requestTrace";"03525b41-e2b4-4ada-806c-a05bad348e5a";"0"
"ratioOfInfrastructureNodesThatSupportMonitoring";"Ratio of Infrastructure nodes that support Monitoring";"teastore-private-nlb-rds-three-lowreplication-model";"User Logout";"requestTrace";"03525b41-e2b4-4ada-806c-a05bad348e5a";"0"
"ratioOfComponentsThatSupportMonitoring";"Ratio of Components that support Monitoring";"teastore-private-nlb-rds-three-lowreplication-model";"User Logout";"requestTrace";"03525b41-e2b4-4ada-806c-a05bad348e5a";"0"
"ratioOfEndpointsSupportingSsl";"Ratio of endpoints that support SSL";"teastore-private-nlb-rds-three-lowreplication-model";"Profile Page";"requestTrace";"6c63b051-38ef-47fd-8f5d-58c12150b165";"0"
"ratioOfSecuredLinks";"Ratio of secured links";"teastore-private-nlb-rds-three-lowreplication-model";"Profile Page";"requestTrace";"6c63b051-38ef-47fd-8f5d-58c12150b165";"0"
"ratioOfStateDependencyOfEndpoints";"Ratio of state dependency of endpoints";"teastore-private-nlb-rds-three-lowreplication-model";"Profile Page";"requestTrace";"6c63b051-38ef-47fd-8f5d-58c12150b165";"0.8571428571428571"
"ratioOfStatefulComponents";"Ratio of stateful components";"teastore-private-nlb-rds-three-lowreplication-model";"Profile Page";"requestTrace";"6c63b051-38ef-47fd-8f5d-58c12150b165";"0.16666666666666666"
"ratioOfStatelessComponents";"Ratio of stateless components";"teastore-private-nlb-rds-three-lowreplication-model";"Profile Page";"requestTrace";"6c63b051-38ef-47fd-8f5d-58c12150b165";"0.8333333333333334"
"asynchronousCommunicationUtilization";"Asynchronous Communication Utilization";"teastore-private-nlb-rds-three-lowreplication-model";"Profile Page";"requestTrace";"6c63b051-38ef-47fd-8f5d-58c12150b165";"0"
"eventSourcingUtilizationMetric";"Event Sourcing utilization metric";"teastore-private-nlb-rds-three-lowreplication-model";"Profile Page";"requestTrace";"6c63b051-38ef-47fd-8f5d-58c12150b165";"0"
"distributedTracingSupport";"Distributed Tracing Support";"teastore-private-nlb-rds-three-lowreplication-model";"Profile Page";"requestTrace";"6c63b051-38ef-47fd-8f5d-58c12150b165";"0"
"ratioOfServicesThatProvideHealthEndpoints";"Ratio of Services that provide Health endpoints";"teastore-private-nlb-rds-three-lowreplication-model";"Profile Page";"requestTrace";"6c63b051-38ef-47fd-8f5d-58c12150b165";"0"
"maximumNumberOfServicesWithinARequestTrace";"Maximum number of services within a request trace";"teastore-private-nlb-rds-three-lowreplication-model";"Profile Page";"requestTrace";"6c63b051-38ef-47fd-8f5d-58c12150b165";"6"
"requestTraceComplexity";"Request Trace Length";"teastore-private-nlb-rds-three-lowreplication-model";"Profile Page";"requestTrace";"6c63b051-38ef-47fd-8f5d-58c12150b165";"6"
"requestTraceLength";"Request Trace Length";"teastore-private-nlb-rds-three-lowreplication-model";"Profile Page";"requestTrace";"6c63b051-38ef-47fd-8f5d-58c12150b165";"6"
"numberOfCyclesInRequestTraces";"Number of Cycles in Request Traces";"teastore-private-nlb-rds-three-lowreplication-model";"Profile Page";"requestTrace";"6c63b051-38ef-47fd-8f5d-58c12150b165";"1"
"databaseTypeUtilization";"Database Type Utilization";"teastore-private-nlb-rds-three-lowreplication-model";"Profile Page";"requestTrace";"6c63b051-38ef-47fd-8f5d-58c12150b165";"1"
"serviceDiscoveryUsage";"Service Discovery Usage";"teastore-private-nlb-rds-three-lowreplication-model";"Profile Page";"requestTrace";"6c63b051-38ef-47fd-8f5d-58c12150b165";"1"
"amountOfRedundancy";"Amount of redundancy";"teastore-private-nlb-rds-three-lowreplication-model";"Profile Page";"requestTrace";"6c63b051-38ef-47fd-8f5d-58c12150b165";"1"
"serviceReplicationLevel";"Service Replication level";"teastore-private-nlb-rds-three-lowreplication-model";"Profile Page";"requestTrace";"6c63b051-38ef-47fd-8f5d-58c12150b165";"2"
"medianServiceReplication";"Median Service Replication level";"teastore-private-nlb-rds-three-lowreplication-model";"Profile Page";"requestTrace";"6c63b051-38ef-47fd-8f5d-58c12150b165";"2"
"smallestReplicationValue";"Smallelst Service Replication Value";"teastore-private-nlb-rds-three-lowreplication-model";"Profile Page";"requestTrace";"6c63b051-38ef-47fd-8f5d-58c12150b165";"2"
"storageReplicationLevel";"Storage Replication level";"teastore-private-nlb-rds-three-lowreplication-model";"Profile Page";"requestTrace";"6c63b051-38ef-47fd-8f5d-58c12150b165";"3"
"dataReplicationAlongRequestTrace";"Data Replication Along Request Trace";"teastore-private-nlb-rds-three-lowreplication-model";"Profile Page";"requestTrace";"6c63b051-38ef-47fd-8f5d-58c12150b165";"0.8"
"dataShardingLevel";"Level of sharding across storage backing services";"teastore-private-nlb-rds-three-lowreplication-model";"Profile Page";"requestTrace";"6c63b051-38ef-47fd-8f5d-58c12150b165";"1"
"numberOfAvailabilityZonesUsed";"Number of Availability Zones used";"teastore-private-nlb-rds-three-lowreplication-model";"Profile Page";"requestTrace";"6c63b051-38ef-47fd-8f5d-58c12150b165";"3"
"numberOfLinksWithRetryLogic";"Number of Links with retry logic";"teastore-private-nlb-rds-three-lowreplication-model";"Profile Page";"requestTrace";"6c63b051-38ef-47fd-8f5d-58c12150b165";"0"
"numberOfLinksWithComplexFailover";"Number of Links with Complex Failover";"teastore-private-nlb-rds-three-lowreplication-model";"Profile Page";"requestTrace";"6c63b051-38ef-47fd-8f5d-58c12150b165";"0"
"serviceMeshUsage";"Service Mesh Usage";"teastore-private-nlb-rds-three-lowreplication-model";"Profile Page";"requestTrace";"6c63b051-38ef-47fd-8f5d-58c12150b165";"0"
"ratioOfInfrastructureNodesThatSupportMonitoring";"Ratio of Infrastructure nodes that support Monitoring";"teastore-private-nlb-rds-three-lowreplication-model";"Profile Page";"requestTrace";"6c63b051-38ef-47fd-8f5d-58c12150b165";"0"
"ratioOfComponentsThatSupportMonitoring";"Ratio of Components that support Monitoring";"teastore-private-nlb-rds-three-lowreplication-model";"Profile Page";"requestTrace";"6c63b051-38ef-47fd-8f5d-58c12150b165";"0"
"ratioOfEndpointsSupportingSsl";"Ratio of endpoints that support SSL";"teastore-private-nlb-rds-three-lowreplication-model";"Setup Database";"requestTrace";"21ba69e4-fc3c-45de-9867-917d4e8d625f";"0"
"ratioOfSecuredLinks";"Ratio of secured links";"teastore-private-nlb-rds-three-lowreplication-model";"Setup Database";"requestTrace";"21ba69e4-fc3c-45de-9867-917d4e8d625f";"0"
"ratioOfStateDependencyOfEndpoints";"Ratio of state dependency of endpoints";"teastore-private-nlb-rds-three-lowreplication-model";"Setup Database";"requestTrace";"21ba69e4-fc3c-45de-9867-917d4e8d625f";"0.8"
"ratioOfStatefulComponents";"Ratio of stateful components";"teastore-private-nlb-rds-three-lowreplication-model";"Setup Database";"requestTrace";"21ba69e4-fc3c-45de-9867-917d4e8d625f";"0.16666666666666666"
"ratioOfStatelessComponents";"Ratio of stateless components";"teastore-private-nlb-rds-three-lowreplication-model";"Setup Database";"requestTrace";"21ba69e4-fc3c-45de-9867-917d4e8d625f";"0.8333333333333334"
"asynchronousCommunicationUtilization";"Asynchronous Communication Utilization";"teastore-private-nlb-rds-three-lowreplication-model";"Setup Database";"requestTrace";"21ba69e4-fc3c-45de-9867-917d4e8d625f";"0"
"eventSourcingUtilizationMetric";"Event Sourcing utilization metric";"teastore-private-nlb-rds-three-lowreplication-model";"Setup Database";"requestTrace";"21ba69e4-fc3c-45de-9867-917d4e8d625f";"0"
"distributedTracingSupport";"Distributed Tracing Support";"teastore-private-nlb-rds-three-lowreplication-model";"Setup Database";"requestTrace";"21ba69e4-fc3c-45de-9867-917d4e8d625f";"0"
"ratioOfServicesThatProvideHealthEndpoints";"Ratio of Services that provide Health endpoints";"teastore-private-nlb-rds-three-lowreplication-model";"Setup Database";"requestTrace";"21ba69e4-fc3c-45de-9867-917d4e8d625f";"0"
"maximumNumberOfServicesWithinARequestTrace";"Maximum number of services within a request trace";"teastore-private-nlb-rds-three-lowreplication-model";"Setup Database";"requestTrace";"21ba69e4-fc3c-45de-9867-917d4e8d625f";"6"
"requestTraceComplexity";"Request Trace Length";"teastore-private-nlb-rds-three-lowreplication-model";"Setup Database";"requestTrace";"21ba69e4-fc3c-45de-9867-917d4e8d625f";"4"
"requestTraceLength";"Request Trace Length";"teastore-private-nlb-rds-three-lowreplication-model";"Setup Database";"requestTrace";"21ba69e4-fc3c-45de-9867-917d4e8d625f";"4"
"numberOfCyclesInRequestTraces";"Number of Cycles in Request Traces";"teastore-private-nlb-rds-three-lowreplication-model";"Setup Database";"requestTrace";"21ba69e4-fc3c-45de-9867-917d4e8d625f";"0"
"databaseTypeUtilization";"Database Type Utilization";"teastore-private-nlb-rds-three-lowreplication-model";"Setup Database";"requestTrace";"21ba69e4-fc3c-45de-9867-917d4e8d625f";"1"
"serviceDiscoveryUsage";"Service Discovery Usage";"teastore-private-nlb-rds-three-lowreplication-model";"Setup Database";"requestTrace";"21ba69e4-fc3c-45de-9867-917d4e8d625f";"1"
"amountOfRedundancy";"Amount of redundancy";"teastore-private-nlb-rds-three-lowreplication-model";"Setup Database";"requestTrace";"21ba69e4-fc3c-45de-9867-917d4e8d625f";"1"
"serviceReplicationLevel";"Service Replication level";"teastore-private-nlb-rds-three-lowreplication-model";"Setup Database";"requestTrace";"21ba69e4-fc3c-45de-9867-917d4e8d625f";"2"
"medianServiceReplication";"Median Service Replication level";"teastore-private-nlb-rds-three-lowreplication-model";"Setup Database";"requestTrace";"21ba69e4-fc3c-45de-9867-917d4e8d625f";"2"
"smallestReplicationValue";"Smallelst Service Replication Value";"teastore-private-nlb-rds-three-lowreplication-model";"Setup Database";"requestTrace";"21ba69e4-fc3c-45de-9867-917d4e8d625f";"2"
"storageReplicationLevel";"Storage Replication level";"teastore-private-nlb-rds-three-lowreplication-model";"Setup Database";"requestTrace";"21ba69e4-fc3c-45de-9867-917d4e8d625f";"3"
"dataReplicationAlongRequestTrace";"Data Replication Along Request Trace";"teastore-private-nlb-rds-three-lowreplication-model";"Setup Database";"requestTrace";"21ba69e4-fc3c-45de-9867-917d4e8d625f";"0.7"
"dataShardingLevel";"Level of sharding across storage backing services";"teastore-private-nlb-rds-three-lowreplication-model";"Setup Database";"requestTrace";"21ba69e4-fc3c-45de-9867-917d4e8d625f";"1"
"numberOfAvailabilityZonesUsed";"Number of Availability Zones used";"teastore-private-nlb-rds-three-lowreplication-model";"Setup Database";"requestTrace";"21ba69e4-fc3c-45de-9867-917d4e8d625f";"3"
"numberOfLinksWithRetryLogic";"Number of Links with retry logic";"teastore-private-nlb-rds-three-lowreplication-model";"Setup Database";"requestTrace";"21ba69e4-fc3c-45de-9867-917d4e8d625f";"0"
"numberOfLinksWithComplexFailover";"Number of Links with Complex Failover";"teastore-private-nlb-rds-three-lowreplication-model";"Setup Database";"requestTrace";"21ba69e4-fc3c-45de-9867-917d4e8d625f";"0"
"serviceMeshUsage";"Service Mesh Usage";"teastore-private-nlb-rds-three-lowreplication-model";"Setup Database";"requestTrace";"21ba69e4-fc3c-45de-9867-917d4e8d625f";"0"
"ratioOfInfrastructureNodesThatSupportMonitoring";"Ratio of Infrastructure nodes that support Monitoring";"teastore-private-nlb-rds-three-lowreplication-model";"Setup Database";"requestTrace";"21ba69e4-fc3c-45de-9867-917d4e8d625f";"0"
"ratioOfComponentsThatSupportMonitoring";"Ratio of Components that support Monitoring";"teastore-private-nlb-rds-three-lowreplication-model";"Setup Database";"requestTrace";"21ba69e4-fc3c-45de-9867-917d4e8d625f";"0"
"ratioOfEndpointsSupportingSsl";"Ratio of endpoints that support SSL";"teastore-private-nlb-rds-three-lowreplication-model";"Check System Status";"requestTrace";"6f5a42dc-cbf4-4b8f-82b5-22f7d7246bf8";"0"
"ratioOfSecuredLinks";"Ratio of secured links";"teastore-private-nlb-rds-three-lowreplication-model";"Check System Status";"requestTrace";"6f5a42dc-cbf4-4b8f-82b5-22f7d7246bf8";"0"
"ratioOfStateDependencyOfEndpoints";"Ratio of state dependency of endpoints";"teastore-private-nlb-rds-three-lowreplication-model";"Check System Status";"requestTrace";"6f5a42dc-cbf4-4b8f-82b5-22f7d7246bf8";"0.3333333333333333"
"ratioOfStatefulComponents";"Ratio of stateful components";"teastore-private-nlb-rds-three-lowreplication-model";"Check System Status";"requestTrace";"6f5a42dc-cbf4-4b8f-82b5-22f7d7246bf8";"0.2"
"ratioOfStatelessComponents";"Ratio of stateless components";"teastore-private-nlb-rds-three-lowreplication-model";"Check System Status";"requestTrace";"6f5a42dc-cbf4-4b8f-82b5-22f7d7246bf8";"0.8"
"asynchronousCommunicationUtilization";"Asynchronous Communication Utilization";"teastore-private-nlb-rds-three-lowreplication-model";"Check System Status";"requestTrace";"6f5a42dc-cbf4-4b8f-82b5-22f7d7246bf8";"0"
"eventSourcingUtilizationMetric";"Event Sourcing utilization metric";"teastore-private-nlb-rds-three-lowreplication-model";"Check System Status";"requestTrace";"6f5a42dc-cbf4-4b8f-82b5-22f7d7246bf8";"0"
"distributedTracingSupport";"Distributed Tracing Support";"teastore-private-nlb-rds-three-lowreplication-model";"Check System Status";"requestTrace";"6f5a42dc-cbf4-4b8f-82b5-22f7d7246bf8";"0"
"ratioOfServicesThatProvideHealthEndpoints";"Ratio of Services that provide Health endpoints";"teastore-private-nlb-rds-three-lowreplication-model";"Check System Status";"requestTrace";"6f5a42dc-cbf4-4b8f-82b5-22f7d7246bf8";"0"
"maximumNumberOfServicesWithinARequestTrace";"Maximum number of services within a request trace";"teastore-private-nlb-rds-three-lowreplication-model";"Check System Status";"requestTrace";"6f5a42dc-cbf4-4b8f-82b5-22f7d7246bf8";"5"
"requestTraceComplexity";"Request Trace Length";"teastore-private-nlb-rds-three-lowreplication-model";"Check System Status";"requestTrace";"6f5a42dc-cbf4-4b8f-82b5-22f7d7246bf8";"5"
"requestTraceLength";"Request Trace Length";"teastore-private-nlb-rds-three-lowreplication-model";"Check System Status";"requestTrace";"6f5a42dc-cbf4-4b8f-82b5-22f7d7246bf8";"5"
"numberOfCyclesInRequestTraces";"Number of Cycles in Request Traces";"teastore-private-nlb-rds-three-lowreplication-model";"Check System Status";"requestTrace";"6f5a42dc-cbf4-4b8f-82b5-22f7d7246bf8";"0"
"databaseTypeUtilization";"Database Type Utilization";"teastore-private-nlb-rds-three-lowreplication-model";"Check System Status";"requestTrace";"6f5a42dc-cbf4-4b8f-82b5-22f7d7246bf8";"NaN"
"serviceDiscoveryUsage";"Service Discovery Usage";"teastore-private-nlb-rds-three-lowreplication-model";"Check System Status";"requestTrace";"6f5a42dc-cbf4-4b8f-82b5-22f7d7246bf8";"1"
"amountOfRedundancy";"Amount of redundancy";"teastore-private-nlb-rds-three-lowreplication-model";"Check System Status";"requestTrace";"6f5a42dc-cbf4-4b8f-82b5-22f7d7246bf8";"1"
"serviceReplicationLevel";"Service Replication level";"teastore-private-nlb-rds-three-lowreplication-model";"Check System Status";"requestTrace";"6f5a42dc-cbf4-4b8f-82b5-22f7d7246bf8";"2"
"medianServiceReplication";"Median Service Replication level";"teastore-private-nlb-rds-three-lowreplication-model";"Check System Status";"requestTrace";"6f5a42dc-cbf4-4b8f-82b5-22f7d7246bf8";"2"
"smallestReplicationValue";"Smallelst Service Replication Value";"teastore-private-nlb-rds-three-lowreplication-model";"Check System Status";"requestTrace";"6f5a42dc-cbf4-4b8f-82b5-22f7d7246bf8";"2"
"storageReplicationLevel";"Storage Replication level";"teastore-private-nlb-rds-three-lowreplication-model";"Check System Status";"requestTrace";"6f5a42dc-cbf4-4b8f-82b5-22f7d7246bf8";"n/a"
"dataReplicationAlongRequestTrace";"Data Replication Along Request Trace";"teastore-private-nlb-rds-three-lowreplication-model";"Check System Status";"requestTrace";"6f5a42dc-cbf4-4b8f-82b5-22f7d7246bf8";"1"
"dataShardingLevel";"Level of sharding across storage backing services";"teastore-private-nlb-rds-three-lowreplication-model";"Check System Status";"requestTrace";"6f5a42dc-cbf4-4b8f-82b5-22f7d7246bf8";"n/a"
"numberOfAvailabilityZonesUsed";"Number of Availability Zones used";"teastore-private-nlb-rds-three-lowreplication-model";"Check System Status";"requestTrace";"6f5a42dc-cbf4-4b8f-82b5-22f7d7246bf8";"3"
"numberOfLinksWithRetryLogic";"Number of Links with retry logic";"teastore-private-nlb-rds-three-lowreplication-model";"Check System Status";"requestTrace";"6f5a42dc-cbf4-4b8f-82b5-22f7d7246bf8";"0"
"numberOfLinksWithComplexFailover";"Number of Links with Complex Failover";"teastore-private-nlb-rds-three-lowreplication-model";"Check System Status";"requestTrace";"6f5a42dc-cbf4-4b8f-82b5-22f7d7246bf8";"0"
"serviceMeshUsage";"Service Mesh Usage";"teastore-private-nlb-rds-three-lowreplication-model";"Check System Status";"requestTrace";"6f5a42dc-cbf4-4b8f-82b5-22f7d7246bf8";"0"
"ratioOfInfrastructureNodesThatSupportMonitoring";"Ratio of Infrastructure nodes that support Monitoring";"teastore-private-nlb-rds-three-lowreplication-model";"Check System Status";"requestTrace";"6f5a42dc-cbf4-4b8f-82b5-22f7d7246bf8";"0"
"ratioOfComponentsThatSupportMonitoring";"Ratio of Components that support Monitoring";"teastore-private-nlb-rds-three-lowreplication-model";"Check System Status";"requestTrace";"6f5a42dc-cbf4-4b8f-82b5-22f7d7246bf8";"0"
"ratioOfEndpointsSupportingSsl";"Ratio of endpoints that support SSL";"teastore-private-nlb-rds-three-lowreplication-model";"Show Category";"requestTrace";"6515b2fc-f554-49ca-b1a7-4735fffc4ef5";"0"
"ratioOfSecuredLinks";"Ratio of secured links";"teastore-private-nlb-rds-three-lowreplication-model";"Show Category";"requestTrace";"6515b2fc-f554-49ca-b1a7-4735fffc4ef5";"0"
"ratioOfStateDependencyOfEndpoints";"Ratio of state dependency of endpoints";"teastore-private-nlb-rds-three-lowreplication-model";"Show Category";"requestTrace";"6515b2fc-f554-49ca-b1a7-4735fffc4ef5";"1"
"ratioOfStatefulComponents";"Ratio of stateful components";"teastore-private-nlb-rds-three-lowreplication-model";"Show Category";"requestTrace";"6515b2fc-f554-49ca-b1a7-4735fffc4ef5";"0.16666666666666666"
"ratioOfStatelessComponents";"Ratio of stateless components";"teastore-private-nlb-rds-three-lowreplication-model";"Show Category";"requestTrace";"6515b2fc-f554-49ca-b1a7-4735fffc4ef5";"0.8333333333333334"
"asynchronousCommunicationUtilization";"Asynchronous Communication Utilization";"teastore-private-nlb-rds-three-lowreplication-model";"Show Category";"requestTrace";"6515b2fc-f554-49ca-b1a7-4735fffc4ef5";"0"
"eventSourcingUtilizationMetric";"Event Sourcing utilization metric";"teastore-private-nlb-rds-three-lowreplication-model";"Show Category";"requestTrace";"6515b2fc-f554-49ca-b1a7-4735fffc4ef5";"0"
"distributedTracingSupport";"Distributed Tracing Support";"teastore-private-nlb-rds-three-lowreplication-model";"Show Category";"requestTrace";"6515b2fc-f554-49ca-b1a7-4735fffc4ef5";"0"
"ratioOfServicesThatProvideHealthEndpoints";"Ratio of Services that provide Health endpoints";"teastore-private-nlb-rds-three-lowreplication-model";"Show Category";"requestTrace";"6515b2fc-f554-49ca-b1a7-4735fffc4ef5";"0"
"maximumNumberOfServicesWithinARequestTrace";"Maximum number of services within a request trace";"teastore-private-nlb-rds-three-lowreplication-model";"Show Category";"requestTrace";"6515b2fc-f554-49ca-b1a7-4735fffc4ef5";"6"
"requestTraceComplexity";"Request Trace Length";"teastore-private-nlb-rds-three-lowreplication-model";"Show Category";"requestTrace";"6515b2fc-f554-49ca-b1a7-4735fffc4ef5";"6"
"requestTraceLength";"Request Trace Length";"teastore-private-nlb-rds-three-lowreplication-model";"Show Category";"requestTrace";"6515b2fc-f554-49ca-b1a7-4735fffc4ef5";"6"
"numberOfCyclesInRequestTraces";"Number of Cycles in Request Traces";"teastore-private-nlb-rds-three-lowreplication-model";"Show Category";"requestTrace";"6515b2fc-f554-49ca-b1a7-4735fffc4ef5";"1"
"databaseTypeUtilization";"Database Type Utilization";"teastore-private-nlb-rds-three-lowreplication-model";"Show Category";"requestTrace";"6515b2fc-f554-49ca-b1a7-4735fffc4ef5";"1"
"serviceDiscoveryUsage";"Service Discovery Usage";"teastore-private-nlb-rds-three-lowreplication-model";"Show Category";"requestTrace";"6515b2fc-f554-49ca-b1a7-4735fffc4ef5";"1"
"amountOfRedundancy";"Amount of redundancy";"teastore-private-nlb-rds-three-lowreplication-model";"Show Category";"requestTrace";"6515b2fc-f554-49ca-b1a7-4735fffc4ef5";"1"
"serviceReplicationLevel";"Service Replication level";"teastore-private-nlb-rds-three-lowreplication-model";"Show Category";"requestTrace";"6515b2fc-f554-49ca-b1a7-4735fffc4ef5";"2"
"medianServiceReplication";"Median Service Replication level";"teastore-private-nlb-rds-three-lowreplication-model";"Show Category";"requestTrace";"6515b2fc-f554-49ca-b1a7-4735fffc4ef5";"2"
"smallestReplicationValue";"Smallelst Service Replication Value";"teastore-private-nlb-rds-three-lowreplication-model";"Show Category";"requestTrace";"6515b2fc-f554-49ca-b1a7-4735fffc4ef5";"2"
"storageReplicationLevel";"Storage Replication level";"teastore-private-nlb-rds-three-lowreplication-model";"Show Category";"requestTrace";"6515b2fc-f554-49ca-b1a7-4735fffc4ef5";"3"
"dataReplicationAlongRequestTrace";"Data Replication Along Request Trace";"teastore-private-nlb-rds-three-lowreplication-model";"Show Category";"requestTrace";"6515b2fc-f554-49ca-b1a7-4735fffc4ef5";"0.8333333333333333"
"dataShardingLevel";"Level of sharding across storage backing services";"teastore-private-nlb-rds-three-lowreplication-model";"Show Category";"requestTrace";"6515b2fc-f554-49ca-b1a7-4735fffc4ef5";"1"
"numberOfAvailabilityZonesUsed";"Number of Availability Zones used";"teastore-private-nlb-rds-three-lowreplication-model";"Show Category";"requestTrace";"6515b2fc-f554-49ca-b1a7-4735fffc4ef5";"3"
"numberOfLinksWithRetryLogic";"Number of Links with retry logic";"teastore-private-nlb-rds-three-lowreplication-model";"Show Category";"requestTrace";"6515b2fc-f554-49ca-b1a7-4735fffc4ef5";"0"
"numberOfLinksWithComplexFailover";"Number of Links with Complex Failover";"teastore-private-nlb-rds-three-lowreplication-model";"Show Category";"requestTrace";"6515b2fc-f554-49ca-b1a7-4735fffc4ef5";"0"
"serviceMeshUsage";"Service Mesh Usage";"teastore-private-nlb-rds-three-lowreplication-model";"Show Category";"requestTrace";"6515b2fc-f554-49ca-b1a7-4735fffc4ef5";"0"
"ratioOfInfrastructureNodesThatSupportMonitoring";"Ratio of Infrastructure nodes that support Monitoring";"teastore-private-nlb-rds-three-lowreplication-model";"Show Category";"requestTrace";"6515b2fc-f554-49ca-b1a7-4735fffc4ef5";"0"
"ratioOfComponentsThatSupportMonitoring";"Ratio of Components that support Monitoring";"teastore-private-nlb-rds-three-lowreplication-model";"Show Category";"requestTrace";"6515b2fc-f554-49ca-b1a7-4735fffc4ef5";"0"